71												
# x z												
0	0											
10	0											
20	0											
30	0											
40	0											
50	0											
60	0											
70	0											
80	0											
90	0											
100	0											
110	0											
120	0											
130	0											
140	0											
150	0											
160	0											
170	0											
180	0											
190	0											
200	0											
210	0											
220	0											
230	0											
240	0											
250	0											
260	0											
270	0											
280	0											
290	0											
300	0											
310	0											
320	0											
330	0											
340	0											
350	0											
360	0											
370	0											
380	0											
390	0											
400	0											
410	0											
420	0											
430	0											
440	0											
450	0											
460	0											
470	0											
480	0											
490	0											
500	0											
510	0											
520	0											
530	0											
540	0											
550	0											
560	0											
570	0											
580	0											
590	0											
600	0											
610	0											
620	0											
630	0											
640	0											
650	0											
660	0											
670	0											
680	0											
690	0											
700	0											
509												
# a b m n err i ip iperr k r rhoa u valid 												
24	23	21	22	0.00E+00	0.00E+00	2.28E+00	0.00E+00	0.00E+00	1.02E+01	0.00E+00	0.00E+00	1
27	26	21	22	0.00E+00	0.00E+00	3.11E+00	0.00E+00	0.00E+00	1.22E-01	0.00E+00	0.00E+00	1
27	26	22	23	0.00E+00	0.00E+00	4.90E+00	0.00E+00	0.00E+00	2.97E-01	0.00E+00	0.00E+00	1
28	27	21	22	0.00E+00	0.00E+00	1.08E+01	0.00E+00	0.00E+00	7.24E-02	0.00E+00	0.00E+00	1
29	27	21	23	0.00E+00	0.00E+00	1.02E+01	0.00E+00	0.00E+00	3.40E-01	0.00E+00	0.00E+00	1
27	26	23	24	0.00E+00	0.00E+00	4.36E+00	0.00E+00	0.00E+00	1.24E+00	0.00E+00	0.00E+00	1
28	27	22	23	0.00E+00	0.00E+00	8.63E+00	0.00E+00	0.00E+00	1.47E-01	0.00E+00	0.00E+00	1
28	27	23	24	0.00E+00	0.00E+00	5.38E+00	0.00E+00	0.00E+00	4.62E-01	0.00E+00	0.00E+00	1
30	29	21	22	0.00E+00	0.00E+00	1.83E+01	0.00E+00	0.00E+00	2.25E-02	0.00E+00	0.00E+00	1
30	29	22	23	0.00E+00	0.00E+00	9.15E+00	0.00E+00	0.00E+00	3.88E-02	0.00E+00	0.00E+00	1
31	29	21	23	0.00E+00	0.00E+00	5.56E+00	0.00E+00	0.00E+00	1.05E-01	0.00E+00	0.00E+00	1
31	30	21	22	0.00E+00	0.00E+00	-7.74E+00	0.00E+00	0.00E+00	1.52E-02	0.00E+00	0.00E+00	1
30	29	23	24	0.00E+00	0.00E+00	8.79E+00	0.00E+00	0.00E+00	9.01E-02	0.00E+00	0.00E+00	1
31	30	22	23	0.00E+00	0.00E+00	1.24E+01	0.00E+00	0.00E+00	2.82E-02	0.00E+00	0.00E+00	1
31	30	23	24	0.00E+00	0.00E+00	6.66E+00	0.00E+00	0.00E+00	5.44E-02	0.00E+00	0.00E+00	1
32	31	22	23	0.00E+00	0.00E+00	1.26E+02	0.00E+00	0.00E+00	2.30E-03	0.00E+00	0.00E+00	1
33	31	21	23	0.00E+00	0.00E+00	5.17E+00	0.00E+00	0.00E+00	1.78E-04	0.00E+00	0.00E+00	1
32	31	23	24	0.00E+00	0.00E+00	-9.62E+00	0.00E+00	0.00E+00	2.70E-03	0.00E+00	0.00E+00	1
33	32	23	24	0.00E+00	0.00E+00	-2.84E+01	0.00E+00	0.00E+00	-2.64E-03	0.00E+00	0.00E+00	1
30	29	26	27	0.00E+00	0.00E+00	3.04E+00	0.00E+00	0.00E+00	1.21E+00	0.00E+00	0.00E+00	1
35	33	21	23	0.00E+00	0.00E+00	1.87E+01	0.00E+00	0.00E+00	4.69E-02	0.00E+00	0.00E+00	1
30	29	27	28	0.00E+00	0.00E+00	2.58E+00	0.00E+00	0.00E+00	1.14E+01	0.00E+00	0.00E+00	1
31	30	26	27	0.00E+00	0.00E+00	4.59E+00	0.00E+00	0.00E+00	3.87E-01	0.00E+00	0.00E+00	1
32	31	26	27	0.00E+00	0.00E+00	1.32E+01	0.00E+00	0.00E+00	2.52E-02	0.00E+00	0.00E+00	1
35	31	23	27	0.00E+00	0.00E+00	7.50E+00	0.00E+00	0.00E+00	5.54E-01	0.00E+00	0.00E+00	1
37	35	21	23	0.00E+00	0.00E+00	2.95E+01	0.00E+00	0.00E+00	3.02E-02	0.00E+00	0.00E+00	1
31	30	27	28	0.00E+00	0.00E+00	3.66E+00	0.00E+00	0.00E+00	1.84E+00	0.00E+00	0.00E+00	1
31	30	28	29	0.00E+00	0.00E+00	3.02E+00	0.00E+00	0.00E+00	1.13E+01	0.00E+00	0.00E+00	1
32	31	27	28	0.00E+00	0.00E+00	1.09E+01	0.00E+00	0.00E+00	1.19E-01	0.00E+00	0.00E+00	1
33	32	26	27	0.00E+00	0.00E+00	1.20E+01	0.00E+00	0.00E+00	-2.41E-02	0.00E+00	0.00E+00	1
33	31	27	29	0.00E+00	0.00E+00	-1.30E+01	0.00E+00	0.00E+00	2.28E-02	0.00E+00	0.00E+00	1
32	31	28	29	0.00E+00	0.00E+00	4.24E+00	0.00E+00	0.00E+00	6.06E-01	0.00E+00	0.00E+00	1
33	32	27	28	0.00E+00	0.00E+00	1.04E+01	0.00E+00	0.00E+00	-1.14E-01	0.00E+00	0.00E+00	1
34	33	26	27	0.00E+00	0.00E+00	6.33E+00	0.00E+00	0.00E+00	1.75E-01	0.00E+00	0.00E+00	1
39	33	21	27	0.00E+00	0.00E+00	1.24E+01	0.00E+00	0.00E+00	9.00E-01	0.00E+00	0.00E+00	1
32	31	29	30	0.00E+00	0.00E+00	2.98E+00	0.00E+00	0.00E+00	3.72E+00	0.00E+00	0.00E+00	1
33	32	28	29	0.00E+00	0.00E+00	4.24E+00	0.00E+00	0.00E+00	-5.88E-01	0.00E+00	0.00E+00	1
34	33	27	28	0.00E+00	0.00E+00	5.77E+00	0.00E+00	0.00E+00	5.89E-01	0.00E+00	0.00E+00	1
35	34	26	27	0.00E+00	0.00E+00	5.62E+00	0.00E+00	0.00E+00	5.89E-02	0.00E+00	0.00E+00	1
33	32	29	30	0.00E+00	0.00E+00	3.82E+00	0.00E+00	0.00E+00	-3.72E+00	0.00E+00	0.00E+00	1
39	35	23	27	0.00E+00	0.00E+00	1.97E+01	0.00E+00	0.00E+00	2.50E-01	0.00E+00	0.00E+00	1
41	39	21	23	0.00E+00	0.00E+00	1.44E+01	0.00E+00	0.00E+00	7.74E-03	0.00E+00	0.00E+00	1
34	33	28	29	0.00E+00	0.00E+00	5.03E+00	0.00E+00	0.00E+00	2.05E+00	0.00E+00	0.00E+00	1
35	33	27	29	0.00E+00	0.00E+00	5.79E+00	0.00E+00	0.00E+00	3.14E+00	0.00E+00	0.00E+00	1
35	34	27	28	0.00E+00	0.00E+00	3.34E+00	0.00E+00	0.00E+00	1.28E-01	0.00E+00	0.00E+00	1
36	35	26	27	0.00E+00	0.00E+00	1.20E+01	0.00E+00	0.00E+00	3.47E-02	0.00E+00	0.00E+00	1
33	32	30	31	0.00E+00	0.00E+00	6.37E+00	0.00E+00	0.00E+00	-7.25E+02	0.00E+00	0.00E+00	1
34	33	29	30	0.00E+00	0.00E+00	3.85E+00	0.00E+00	0.00E+00	8.30E+00	0.00E+00	0.00E+00	1
35	34	28	29	0.00E+00	0.00E+00	5.25E+00	0.00E+00	0.00E+00	2.42E-01	0.00E+00	0.00E+00	1
36	35	27	28	0.00E+00	0.00E+00	9.32E+00	0.00E+00	0.00E+00	6.01E-02	0.00E+00	0.00E+00	1
37	35	27	29	0.00E+00	0.00E+00	9.75E+00	0.00E+00	0.00E+00	2.55E-01	0.00E+00	0.00E+00	1
37	36	27	28	0.00E+00	0.00E+00	1.73E+01	0.00E+00	0.00E+00	3.55E-02	0.00E+00	0.00E+00	1
34	33	30	31	0.00E+00	0.00E+00	7.02E+00	0.00E+00	0.00E+00	7.38E+02	0.00E+00	0.00E+00	1
35	33	29	31	0.00E+00	0.00E+00	5.74E+00	0.00E+00	0.00E+00	7.55E+02	0.00E+00	0.00E+00	1
35	34	29	30	0.00E+00	0.00E+00	3.76E+00	0.00E+00	0.00E+00	3.46E-01	0.00E+00	0.00E+00	1
36	35	28	29	0.00E+00	0.00E+00	6.89E+00	0.00E+00	0.00E+00	1.03E-01	0.00E+00	0.00E+00	1
41	35	23	29	0.00E+00	0.00E+00	1.52E+01	0.00E+00	0.00E+00	6.40E-01	0.00E+00	0.00E+00	1
35	34	30	31	0.00E+00	0.00E+00	9.16E+00	0.00E+00	0.00E+00	2.02E+00	0.00E+00	0.00E+00	1
36	35	29	30	0.00E+00	0.00E+00	3.84E+00	0.00E+00	0.00E+00	1.04E-01	0.00E+00	0.00E+00	1
37	36	28	29	0.00E+00	0.00E+00	1.39E+01	0.00E+00	0.00E+00	5.54E-02	0.00E+00	0.00E+00	1
34	33	31	32	0.00E+00	0.00E+00	7.05E+00	0.00E+00	0.00E+00	-7.26E+02	0.00E+00	0.00E+00	1
36	35	30	31	0.00E+00	0.00E+00	7.11E+00	0.00E+00	0.00E+00	3.91E-01	0.00E+00	0.00E+00	1
45	37	21	29	0.00E+00	0.00E+00	2.65E+01	0.00E+00	0.00E+00	2.84E-01	0.00E+00	0.00E+00	1
35	34	31	32	0.00E+00	0.00E+00	1.59E+01	0.00E+00	0.00E+00	-7.73E-01	0.00E+00	0.00E+00	1
37	35	29	31	0.00E+00	0.00E+00	7.12E+00	0.00E+00	0.00E+00	6.91E-01	0.00E+00	0.00E+00	1
43	39	23	27	0.00E+00	0.00E+00	3.77E+01	0.00E+00	0.00E+00	4.31E-02	0.00E+00	0.00E+00	1
37	36	29	30	0.00E+00	0.00E+00	1.20E+01	0.00E+00	0.00E+00	4.97E-02	0.00E+00	0.00E+00	1
38	37	28	29	0.00E+00	0.00E+00	2.23E+01	0.00E+00	0.00E+00	2.86E-02	0.00E+00	0.00E+00	1
39	35	27	31	0.00E+00	0.00E+00	8.38E+00	0.00E+00	0.00E+00	1.17E+00	0.00E+00	0.00E+00	1
45	39	21	27	0.00E+00	0.00E+00	4.06E+01	0.00E+00	0.00E+00	6.92E-02	0.00E+00	0.00E+00	1
37	36	30	31	0.00E+00	0.00E+00	1.89E+01	0.00E+00	0.00E+00	1.47E-01	0.00E+00	0.00E+00	1
35	34	32	33	0.00E+00	0.00E+00	1.38E+01	0.00E+00	0.00E+00	7.94E-01	0.00E+00	0.00E+00	1
36	35	31	32	0.00E+00	0.00E+00	8.87E+00	0.00E+00	0.00E+00	-6.42E-02	0.00E+00	0.00E+00	1
38	37	29	30	0.00E+00	0.00E+00	1.44E+01	0.00E+00	0.00E+00	2.26E-02	0.00E+00	0.00E+00	1
41	39	27	29	0.00E+00	0.00E+00	1.26E+00	0.00E+00	0.00E+00	3.07E-02	0.00E+00	0.00E+00	1
38	37	30	31	0.00E+00	0.00E+00	2.19E+01	0.00E+00	0.00E+00	7.70E-02	0.00E+00	0.00E+00	1
36	35	32	33	0.00E+00	0.00E+00	1.20E+01	0.00E+00	0.00E+00	6.69E-02	0.00E+00	0.00E+00	1
37	35	31	33	0.00E+00	0.00E+00	-2.16E+01	0.00E+00	0.00E+00	4.31E-03	0.00E+00	0.00E+00	1
37	36	31	32	0.00E+00	0.00E+00	4.49E+01	0.00E+00	0.00E+00	-1.62E-02	0.00E+00	0.00E+00	1
37	36	32	33	0.00E+00	0.00E+00	3.49E+01	0.00E+00	0.00E+00	1.74E-02	0.00E+00	0.00E+00	1
38	37	31	32	0.00E+00	0.00E+00	1.74E+01	0.00E+00	0.00E+00	-9.23E-03	0.00E+00	0.00E+00	1
36	35	33	34	0.00E+00	0.00E+00	5.06E+00	0.00E+00	0.00E+00	1.84E+00	0.00E+00	0.00E+00	1
47	43	23	27	0.00E+00	0.00E+00	2.65E+01	0.00E+00	0.00E+00	2.23E-02	0.00E+00	0.00E+00	1
37	36	33	34	0.00E+00	0.00E+00	1.38E+01	0.00E+00	0.00E+00	4.62E-01	0.00E+00	0.00E+00	1
38	37	32	33	0.00E+00	0.00E+00	3.05E+01	0.00E+00	0.00E+00	9.66E-03	0.00E+00	0.00E+00	1
47	41	23	29	0.00E+00	0.00E+00	3.74E+01	0.00E+00	0.00E+00	5.69E-02	0.00E+00	0.00E+00	1
43	39	27	31	0.00E+00	0.00E+00	1.50E+01	0.00E+00	0.00E+00	1.05E-01	0.00E+00	0.00E+00	1
43	41	27	29	0.00E+00	0.00E+00	5.67E+01	0.00E+00	0.00E+00	1.03E-02	0.00E+00	0.00E+00	1
41	37	29	33	0.00E+00	0.00E+00	1.62E+01	0.00E+00	0.00E+00	1.99E-01	0.00E+00	0.00E+00	1
41	39	29	31	0.00E+00	0.00E+00	6.67E+00	0.00E+00	0.00E+00	4.90E-02	0.00E+00	0.00E+00	1
37	36	34	35	0.00E+00	0.00E+00	1.55E+01	0.00E+00	0.00E+00	2.18E+00	0.00E+00	0.00E+00	1
38	37	33	34	0.00E+00	0.00E+00	1.76E+01	0.00E+00	0.00E+00	2.34E-01	0.00E+00	0.00E+00	1
45	43	27	29	0.00E+00	0.00E+00	1.44E+01	0.00E+00	0.00E+00	5.86E-03	0.00E+00	0.00E+00	1
45	39	27	33	0.00E+00	0.00E+00	1.43E+01	0.00E+00	0.00E+00	1.20E-01	0.00E+00	0.00E+00	1
51	45	21	27	0.00E+00	0.00E+00	3.01E+01	0.00E+00	0.00E+00	5.01E-02	0.00E+00	0.00E+00	1
51	41	21	31	0.00E+00	0.00E+00	2.82E+01	0.00E+00	0.00E+00	1.67E-01	0.00E+00	0.00E+00	1
41	39	31	33	0.00E+00	0.00E+00	-1.54E+03	0.00E+00	0.00E+00	3.84E-04	0.00E+00	0.00E+00	1
41	40	31	32	0.00E+00	0.00E+00	-2.90E+03	0.00E+00	0.00E+00	1.67E-04	0.00E+00	0.00E+00	1
38	37	34	35	0.00E+00	0.00E+00	1.89E+01	0.00E+00	0.00E+00	8.26E-01	0.00E+00	0.00E+00	1
43	41	29	31	0.00E+00	0.00E+00	2.62E+01	0.00E+00	0.00E+00	1.50E-02	0.00E+00	0.00E+00	1
41	40	32	33	0.00E+00	0.00E+00	1.53E+02	0.00E+00	0.00E+00	5.88E-04	0.00E+00	0.00E+00	1
38	37	35	36	0.00E+00	0.00E+00	1.62E+01	0.00E+00	0.00E+00	5.11E+00	0.00E+00	0.00E+00	1
43	39	31	35	0.00E+00	0.00E+00	2.37E+01	0.00E+00	0.00E+00	2.17E-01	0.00E+00	0.00E+00	1
45	43	29	31	0.00E+00	0.00E+00	1.61E+01	0.00E+00	0.00E+00	8.54E-03	0.00E+00	0.00E+00	1
42	41	32	33	0.00E+00	0.00E+00	-9.44E+02	0.00E+00	0.00E+00	-2.87E-04	0.00E+00	0.00E+00	1
43	41	31	33	0.00E+00	0.00E+00	-4.36E+03	0.00E+00	0.00E+00	-6.48E-05	0.00E+00	0.00E+00	1
53	45	21	29	0.00E+00	0.00E+00	2.93E+01	0.00E+00	0.00E+00	7.75E-02	0.00E+00	0.00E+00	1
45	41	29	33	0.00E+00	0.00E+00	2.51E+01	0.00E+00	0.00E+00	2.35E-02	0.00E+00	0.00E+00	1
47	43	27	31	0.00E+00	0.00E+00	2.38E+01	0.00E+00	0.00E+00	2.90E-02	0.00E+00	0.00E+00	1
51	47	23	27	0.00E+00	0.00E+00	2.69E+01	0.00E+00	0.00E+00	2.47E-02	0.00E+00	0.00E+00	1
41	39	33	35	0.00E+00	0.00E+00	2.06E+01	0.00E+00	0.00E+00	1.79E-01	0.00E+00	0.00E+00	1
47	45	27	29	0.00E+00	0.00E+00	4.18E+01	0.00E+00	0.00E+00	6.16E-03	0.00E+00	0.00E+00	1
41	40	33	34	0.00E+00	0.00E+00	-7.99E+00	0.00E+00	0.00E+00	1.81E-02	0.00E+00	0.00E+00	1
42	41	33	34	0.00E+00	0.00E+00	2.86E+01	0.00E+00	0.00E+00	5.95E-03	0.00E+00	0.00E+00	1
41	40	34	35	0.00E+00	0.00E+00	3.74E+01	0.00E+00	0.00E+00	2.63E-02	0.00E+00	0.00E+00	1
45	43	31	33	0.00E+00	0.00E+00	-1.04E+03	0.00E+00	0.00E+00	6.11E-05	0.00E+00	0.00E+00	1
41	39	35	37	0.00E+00	0.00E+00	1.79E+01	0.00E+00	0.00E+00	3.45E+00	0.00E+00	0.00E+00	1
41	40	35	36	0.00E+00	0.00E+00	1.62E+01	0.00E+00	0.00E+00	1.04E-01	0.00E+00	0.00E+00	1
47	41	29	35	0.00E+00	0.00E+00	2.63E+01	0.00E+00	0.00E+00	1.31E-01	0.00E+00	0.00E+00	1
53	47	23	29	0.00E+00	0.00E+00	2.70E+01	0.00E+00	0.00E+00	4.48E-02	0.00E+00	0.00E+00	1
53	43	23	33	0.00E+00	0.00E+00	2.68E+01	0.00E+00	0.00E+00	1.15E-01	0.00E+00	0.00E+00	1
42	41	34	35	0.00E+00	0.00E+00	6.92E+01	0.00E+00	0.00E+00	9.18E-03	0.00E+00	0.00E+00	1
43	41	33	35	0.00E+00	0.00E+00	3.78E+01	0.00E+00	0.00E+00	3.81E-02	0.00E+00	0.00E+00	1
43	42	33	34	0.00E+00	0.00E+00	3.51E+01	0.00E+00	0.00E+00	8.39E-03	0.00E+00	0.00E+00	1
47	45	29	31	0.00E+00	0.00E+00	2.92E+01	0.00E+00	0.00E+00	8.33E-03	0.00E+00	0.00E+00	1
41	40	36	37	0.00E+00	0.00E+00	2.26E+01	0.00E+00	0.00E+00	6.65E-01	0.00E+00	0.00E+00	1
42	41	35	36	0.00E+00	0.00E+00	2.33E+01	0.00E+00	0.00E+00	3.82E-02	0.00E+00	0.00E+00	1
43	42	34	35	0.00E+00	0.00E+00	3.21E+01	0.00E+00	0.00E+00	1.38E-02	0.00E+00	0.00E+00	1
51	47	27	31	0.00E+00	0.00E+00	2.64E+01	0.00E+00	0.00E+00	3.17E-02	0.00E+00	0.00E+00	1
55	51	23	27	0.00E+00	0.00E+00	4.21E+01	0.00E+00	0.00E+00	4.89E-03	0.00E+00	0.00E+00	1
45	41	33	37	0.00E+00	0.00E+00	2.02E+01	0.00E+00	0.00E+00	7.08E-01	0.00E+00	0.00E+00	1
51	43	27	35	0.00E+00	0.00E+00	2.65E+01	0.00E+00	0.00E+00	1.58E-01	0.00E+00	0.00E+00	1
45	43	33	35	0.00E+00	0.00E+00	2.31E+01	0.00E+00	0.00E+00	3.25E-02	0.00E+00	0.00E+00	1
47	45	31	33	0.00E+00	0.00E+00	1.93E+03	0.00E+00	0.00E+00	3.36E-05	0.00E+00	0.00E+00	1
51	45	27	33	0.00E+00	0.00E+00	2.67E+01	0.00E+00	0.00E+00	4.64E-02	0.00E+00	0.00E+00	1
41	40	37	38	0.00E+00	0.00E+00	1.56E+01	0.00E+00	0.00E+00	6.09E+00	0.00E+00	0.00E+00	1
57	51	21	27	0.00E+00	0.00E+00	4.01E+01	0.00E+00	0.00E+00	8.61E-03	0.00E+00	0.00E+00	1
49	45	29	33	0.00E+00	0.00E+00	3.15E+01	0.00E+00	0.00E+00	1.67E-02	0.00E+00	0.00E+00	1
47	43	31	35	0.00E+00	0.00E+00	2.59E+01	0.00E+00	0.00E+00	6.09E-02	0.00E+00	0.00E+00	1
49	47	29	31	0.00E+00	0.00E+00	2.43E+01	0.00E+00	0.00E+00	8.23E-03	0.00E+00	0.00E+00	1
55	47	23	31	0.00E+00	0.00E+00	2.85E+01	0.00E+00	0.00E+00	6.82E-02	0.00E+00	0.00E+00	1
42	41	36	37	0.00E+00	0.00E+00	1.98E+01	0.00E+00	0.00E+00	2.26E-01	0.00E+00	0.00E+00	1
43	41	35	37	0.00E+00	0.00E+00	1.90E+01	0.00E+00	0.00E+00	4.74E-01	0.00E+00	0.00E+00	1
43	42	35	36	0.00E+00	0.00E+00	2.28E+01	0.00E+00	0.00E+00	3.67E-02	0.00E+00	0.00E+00	1
43	42	36	37	0.00E+00	0.00E+00	1.80E+01	0.00E+00	0.00E+00	1.72E-01	0.00E+00	0.00E+00	1
41	40	38	39	0.00E+00	0.00E+00	1.44E+01	0.00E+00	0.00E+00	2.55E+01	0.00E+00	0.00E+00	1
42	41	37	38	0.00E+00	0.00E+00	1.20E+01	0.00E+00	0.00E+00	1.70E+00	0.00E+00	0.00E+00	1
49	47	31	33	0.00E+00	0.00E+00	-1.78E+03	0.00E+00	0.00E+00	2.16E-05	0.00E+00	0.00E+00	1
42	41	38	39	0.00E+00	0.00E+00	1.19E+01	0.00E+00	0.00E+00	5.43E+00	0.00E+00	0.00E+00	1
43	42	37	38	0.00E+00	0.00E+00	9.07E+00	0.00E+00	0.00E+00	7.94E-01	0.00E+00	0.00E+00	1
49	43	31	37	0.00E+00	0.00E+00	2.58E+01	0.00E+00	0.00E+00	4.05E-01	0.00E+00	0.00E+00	1
43	41	37	39	0.00E+00	0.00E+00	1.11E+01	0.00E+00	0.00E+00	9.74E+00	0.00E+00	0.00E+00	1
45	43	35	37	0.00E+00	0.00E+00	2.09E+01	0.00E+00	0.00E+00	1.61E-01	0.00E+00	0.00E+00	1
47	45	33	35	0.00E+00	0.00E+00	3.00E+01	0.00E+00	0.00E+00	2.83E-02	0.00E+00	0.00E+00	1
42	41	39	40	0.00E+00	0.00E+00	1.14E+01	0.00E+00	0.00E+00	2.36E+01	0.00E+00	0.00E+00	1
43	42	38	39	0.00E+00	0.00E+00	8.85E+00	0.00E+00	0.00E+00	1.83E+00	0.00E+00	0.00E+00	1
51	49	31	33	0.00E+00	0.00E+00	-3.62E+02	0.00E+00	0.00E+00	1.95E-05	0.00E+00	0.00E+00	1
45	43	37	39	0.00E+00	0.00E+00	9.35E+00	0.00E+00	0.00E+00	1.20E+00	0.00E+00	0.00E+00	1
61	53	21	29	0.00E+00	0.00E+00	4.34E+01	0.00E+00	0.00E+00	1.23E-02	0.00E+00	0.00E+00	1
46	45	36	37	0.00E+00	0.00E+00	2.49E+01	0.00E+00	0.00E+00	3.09E-02	0.00E+00	0.00E+00	1
61	51	21	31	0.00E+00	0.00E+00	3.65E+01	0.00E+00	0.00E+00	2.50E-02	0.00E+00	0.00E+00	1
53	49	29	33	0.00E+00	0.00E+00	2.83E+01	0.00E+00	0.00E+00	1.07E-02	0.00E+00	0.00E+00	1
51	47	31	35	0.00E+00	0.00E+00	2.86E+01	0.00E+00	0.00E+00	3.62E-02	0.00E+00	0.00E+00	1
59	53	23	29	0.00E+00	0.00E+00	4.72E+01	0.00E+00	0.00E+00	8.65E-03	0.00E+00	0.00E+00	1
59	55	23	27	0.00E+00	0.00E+00	5.69E+01	0.00E+00	0.00E+00	3.14E-03	0.00E+00	0.00E+00	1
47	43	35	39	0.00E+00	0.00E+00	1.21E+01	0.00E+00	0.00E+00	1.88E+00	0.00E+00	0.00E+00	1
53	45	29	37	0.00E+00	0.00E+00	3.05E+01	0.00E+00	0.00E+00	3.23E-01	0.00E+00	0.00E+00	1
47	45	35	37	0.00E+00	0.00E+00	2.84E+01	0.00E+00	0.00E+00	9.77E-02	0.00E+00	0.00E+00	1
49	47	33	35	0.00E+00	0.00E+00	2.83E+01	0.00E+00	0.00E+00	1.82E-02	0.00E+00	0.00E+00	1
53	47	29	35	0.00E+00	0.00E+00	2.88E+01	0.00E+00	0.00E+00	5.72E-02	0.00E+00	0.00E+00	1
43	42	39	40	0.00E+00	0.00E+00	9.48E+00	0.00E+00	0.00E+00	4.67E+00	0.00E+00	0.00E+00	1
55	51	27	31	0.00E+00	0.00E+00	3.57E+01	0.00E+00	0.00E+00	6.95E-03	0.00E+00	0.00E+00	1
49	45	33	37	0.00E+00	0.00E+00	2.94E+01	0.00E+00	0.00E+00	2.11E-01	0.00E+00	0.00E+00	1
46	45	37	38	0.00E+00	0.00E+00	1.29E+01	0.00E+00	0.00E+00	7.88E-02	0.00E+00	0.00E+00	1
43	42	40	41	0.00E+00	0.00E+00	6.34E+00	0.00E+00	0.00E+00	1.52E+01	0.00E+00	0.00E+00	1
45	43	39	41	0.00E+00	0.00E+00	7.74E+00	0.00E+00	0.00E+00	4.55E+00	0.00E+00	0.00E+00	1
51	49	33	35	0.00E+00	0.00E+00	3.11E+01	0.00E+00	0.00E+00	1.79E-02	0.00E+00	0.00E+00	1
57	51	27	33	0.00E+00	0.00E+00	3.57E+01	0.00E+00	0.00E+00	9.33E-03	0.00E+00	0.00E+00	1
46	45	38	39	0.00E+00	0.00E+00	9.73E+00	0.00E+00	0.00E+00	1.15E-01	0.00E+00	0.00E+00	1
47	46	37	38	0.00E+00	0.00E+00	2.03E+01	0.00E+00	0.00E+00	9.28E-02	0.00E+00	0.00E+00	1
63	57	21	27	0.00E+00	0.00E+00	7.51E+01	0.00E+00	0.00E+00	3.81E-03	0.00E+00	0.00E+00	1
51	45	33	39	0.00E+00	0.00E+00	2.08E+01	0.00E+00	0.00E+00	1.16E+00	0.00E+00	0.00E+00	1
57	47	27	37	0.00E+00	0.00E+00	3.28E+01	0.00E+00	0.00E+00	2.19E-01	0.00E+00	0.00E+00	1
47	45	37	39	0.00E+00	0.00E+00	1.38E+01	0.00E+00	0.00E+00	4.20E-01	0.00E+00	0.00E+00	1
49	47	35	37	0.00E+00	0.00E+00	3.22E+01	0.00E+00	0.00E+00	6.71E-02	0.00E+00	0.00E+00	1
46	45	39	40	0.00E+00	0.00E+00	9.43E+00	0.00E+00	0.00E+00	1.67E-01	0.00E+00	0.00E+00	1
47	46	38	39	0.00E+00	0.00E+00	1.57E+01	0.00E+00	0.00E+00	1.33E-01	0.00E+00	0.00E+00	1
51	47	35	39	0.00E+00	0.00E+00	2.41E+01	0.00E+00	0.00E+00	5.82E-01	0.00E+00	0.00E+00	1
47	45	39	41	0.00E+00	0.00E+00	1.05E+01	0.00E+00	0.00E+00	8.70E-01	0.00E+00	0.00E+00	1
63	55	23	31	0.00E+00	0.00E+00	4.74E+01	0.00E+00	0.00E+00	1.20E-02	0.00E+00	0.00E+00	1
53	49	33	37	0.00E+00	0.00E+00	3.55E+01	0.00E+00	0.00E+00	8.39E-02	0.00E+00	0.00E+00	1
59	51	27	35	0.00E+00	0.00E+00	3.64E+01	0.00E+00	0.00E+00	1.39E-02	0.00E+00	0.00E+00	1
53	51	33	35	0.00E+00	0.00E+00	4.13E+01	0.00E+00	0.00E+00	1.95E-03	0.00E+00	0.00E+00	1
47	46	39	40	0.00E+00	0.00E+00	1.41E+01	0.00E+00	0.00E+00	1.84E-01	0.00E+00	0.00E+00	1
48	47	38	39	0.00E+00	0.00E+00	1.68E+01	0.00E+00	0.00E+00	9.46E-02	0.00E+00	0.00E+00	1
49	47	37	39	0.00E+00	0.00E+00	1.91E+01	0.00E+00	0.00E+00	2.87E-01	0.00E+00	0.00E+00	1
49	45	37	41	0.00E+00	0.00E+00	1.35E+01	0.00E+00	0.00E+00	2.12E+00	0.00E+00	0.00E+00	1
55	49	31	37	0.00E+00	0.00E+00	3.59E+01	0.00E+00	0.00E+00	8.80E-02	0.00E+00	0.00E+00	1
55	51	31	35	0.00E+00	0.00E+00	3.76E+01	0.00E+00	0.00E+00	1.76E-03	0.00E+00	0.00E+00	1
46	45	40	41	0.00E+00	0.00E+00	8.65E+00	0.00E+00	0.00E+00	2.57E-01	0.00E+00	0.00E+00	1
51	49	35	37	0.00E+00	0.00E+00	3.65E+01	0.00E+00	0.00E+00	5.39E-02	0.00E+00	0.00E+00	1
55	47	31	39	0.00E+00	0.00E+00	2.50E+01	0.00E+00	0.00E+00	6.85E-01	0.00E+00	0.00E+00	1
57	53	29	33	0.00E+00	0.00E+00	6.86E+01	0.00E+00	0.00E+00	2.29E-03	0.00E+00	0.00E+00	1
59	55	27	31	0.00E+00	0.00E+00	4.43E+01	0.00E+00	0.00E+00	4.49E-03	0.00E+00	0.00E+00	1
63	59	23	27	0.00E+00	0.00E+00	1.36E+02	0.00E+00	0.00E+00	1.26E-03	0.00E+00	0.00E+00	1
63	53	23	33	0.00E+00	0.00E+00	4.31E+01	0.00E+00	0.00E+00	1.64E-02	0.00E+00	0.00E+00	1
47	46	40	41	0.00E+00	0.00E+00	1.27E+01	0.00E+00	0.00E+00	2.60E-01	0.00E+00	0.00E+00	1
46	45	41	42	0.00E+00	0.00E+00	3.87E+00	0.00E+00	0.00E+00	2.83E-01	0.00E+00	0.00E+00	1
48	47	39	40	0.00E+00	0.00E+00	1.48E+01	0.00E+00	0.00E+00	1.36E-01	0.00E+00	0.00E+00	1
51	49	37	39	0.00E+00	0.00E+00	2.58E+01	0.00E+00	0.00E+00	1.74E-01	0.00E+00	0.00E+00	1
48	47	40	41	0.00E+00	0.00E+00	1.33E+01	0.00E+00	0.00E+00	1.70E-01	0.00E+00	0.00E+00	1
46	45	42	43	0.00E+00	0.00E+00	2.67E+00	0.00E+00	0.00E+00	1.09E+00	0.00E+00	0.00E+00	1
47	45	41	43	0.00E+00	0.00E+00	4.49E+00	0.00E+00	0.00E+00	2.27E+00	0.00E+00	0.00E+00	1
47	46	41	42	0.00E+00	0.00E+00	7.95E+00	0.00E+00	0.00E+00	2.53E-01	0.00E+00	0.00E+00	1
53	51	35	37	0.00E+00	0.00E+00	3.92E+01	0.00E+00	0.00E+00	1.01E-02	0.00E+00	0.00E+00	1
53	47	35	41	0.00E+00	0.00E+00	2.02E+01	0.00E+00	0.00E+00	1.52E+00	0.00E+00	0.00E+00	1
59	53	29	35	0.00E+00	0.00E+00	2.98E+01	0.00E+00	0.00E+00	3.96E-03	0.00E+00	0.00E+00	1
49	48	39	40	0.00E+00	0.00E+00	1.80E+01	0.00E+00	0.00E+00	1.08E-01	0.00E+00	0.00E+00	1
65	59	23	29	0.00E+00	0.00E+00	5.15E+01	0.00E+00	0.00E+00	4.45E-03	0.00E+00	0.00E+00	1
59	49	29	39	0.00E+00	0.00E+00	2.95E+01	0.00E+00	0.00E+00	3.52E-01	0.00E+00	0.00E+00	1
49	47	39	41	0.00E+00	0.00E+00	1.50E+01	0.00E+00	0.00E+00	5.47E-01	0.00E+00	0.00E+00	1
46	45	43	44	0.00E+00	0.00E+00	-1.54E+01	0.00E+00	0.00E+00	7.60E+00	0.00E+00	0.00E+00	1
47	46	42	43	0.00E+00	0.00E+00	6.86E+00	0.00E+00	0.00E+00	6.42E-01	0.00E+00	0.00E+00	1
49	48	40	41	0.00E+00	0.00E+00	1.56E+01	0.00E+00	0.00E+00	1.32E-01	0.00E+00	0.00E+00	1
48	47	41	42	0.00E+00	0.00E+00	8.92E+00	0.00E+00	0.00E+00	1.46E-01	0.00E+00	0.00E+00	1
61	57	29	33	0.00E+00	0.00E+00	6.63E+01	0.00E+00	0.00E+00	1.53E-03	0.00E+00	0.00E+00	1
59	55	31	35	0.00E+00	0.00E+00	6.90E+01	0.00E+00	0.00E+00	6.29E-04	0.00E+00	0.00E+00	1
53	51	37	39	0.00E+00	0.00E+00	2.81E+01	0.00E+00	0.00E+00	3.55E-02	0.00E+00	0.00E+00	1
49	47	41	43	0.00E+00	0.00E+00	9.69E+00	0.00E+00	0.00E+00	8.67E-01	0.00E+00	0.00E+00	1
49	48	41	42	0.00E+00	0.00E+00	1.09E+01	0.00E+00	0.00E+00	1.11E-01	0.00E+00	0.00E+00	1
55	53	35	37	0.00E+00	0.00E+00	4.78E+01	0.00E+00	0.00E+00	4.20E-03	0.00E+00	0.00E+00	1
63	57	27	33	0.00E+00	0.00E+00	6.15E+01	0.00E+00	0.00E+00	4.64E-03	0.00E+00	0.00E+00	1
63	59	27	31	0.00E+00	0.00E+00	7.50E+01	0.00E+00	0.00E+00	2.56E-03	0.00E+00	0.00E+00	1
51	47	39	43	0.00E+00	0.00E+00	1.28E+01	0.00E+00	0.00E+00	2.11E+00	0.00E+00	0.00E+00	1
69	63	21	27	0.00E+00	0.00E+00	7.60E+01	0.00E+00	0.00E+00	2.62E-03	0.00E+00	0.00E+00	1
55	51	35	39	0.00E+00	0.00E+00	3.11E+01	0.00E+00	0.00E+00	6.49E-02	0.00E+00	0.00E+00	1
51	49	39	41	0.00E+00	0.00E+00	1.98E+01	0.00E+00	0.00E+00	2.86E-01	0.00E+00	0.00E+00	1
57	53	33	37	0.00E+00	0.00E+00	4.27E+01	0.00E+00	0.00E+00	8.72E-03	0.00E+00	0.00E+00	1
61	53	29	37	0.00E+00	0.00E+00	3.86E+01	0.00E+00	0.00E+00	1.86E-02	0.00E+00	0.00E+00	1
57	49	33	41	0.00E+00	0.00E+00	2.50E+01	0.00E+00	0.00E+00	7.05E-01	0.00E+00	0.00E+00	1
69	61	21	29	0.00E+00	0.00E+00	5.91E+01	0.00E+00	0.00E+00	5.97E-03	0.00E+00	0.00E+00	1
47	46	43	44	0.00E+00	0.00E+00	2.28E+02	0.00E+00	0.00E+00	2.25E+00	0.00E+00	0.00E+00	1
48	47	42	43	0.00E+00	0.00E+00	8.21E+00	0.00E+00	0.00E+00	3.53E-01	0.00E+00	0.00E+00	1
57	51	33	39	0.00E+00	0.00E+00	3.08E+01	0.00E+00	0.00E+00	8.15E-02	0.00E+00	0.00E+00	1
53	49	37	41	0.00E+00	0.00E+00	2.29E+01	0.00E+00	0.00E+00	5.53E-01	0.00E+00	0.00E+00	1
47	46	44	45	0.00E+00	0.00E+00	-4.46E+01	0.00E+00	0.00E+00	1.03E+01	0.00E+00	0.00E+00	1
48	47	43	44	0.00E+00	0.00E+00	-2.27E+02	0.00E+00	0.00E+00	1.51E+00	0.00E+00	0.00E+00	1
49	48	42	43	0.00E+00	0.00E+00	9.74E+00	0.00E+00	0.00E+00	2.58E-01	0.00E+00	0.00E+00	1
51	49	41	43	0.00E+00	0.00E+00	1.29E+01	0.00E+00	0.00E+00	4.07E-01	0.00E+00	0.00E+00	1
48	47	44	45	0.00E+00	0.00E+00	1.49E+02	0.00E+00	0.00E+00	2.47E+00	0.00E+00	0.00E+00	1
53	51	39	41	0.00E+00	0.00E+00	2.19E+01	0.00E+00	0.00E+00	5.75E-02	0.00E+00	0.00E+00	1
49	47	43	45	0.00E+00	0.00E+00	6.99E+00	0.00E+00	0.00E+00	6.34E+00	0.00E+00	0.00E+00	1
49	48	43	44	0.00E+00	0.00E+00	-4.73E+02	0.00E+00	0.00E+00	1.54E+00	0.00E+00	0.00E+00	1
55	53	37	39	0.00E+00	0.00E+00	2.95E+01	0.00E+00	0.00E+00	1.49E-02	0.00E+00	0.00E+00	1
55	49	37	43	0.00E+00	0.00E+00	1.88E+01	0.00E+00	0.00E+00	1.09E+00	0.00E+00	0.00E+00	1
71	61	21	31	0.00E+00	0.00E+00	5.01E+01	0.00E+00	0.00E+00	1.01E-02	0.00E+00	0.00E+00	1
61	55	31	37	0.00E+00	0.00E+00	4.62E+01	0.00E+00	0.00E+00	1.04E-02	0.00E+00	0.00E+00	1
61	51	31	41	0.00E+00	0.00E+00	3.11E+01	0.00E+00	0.00E+00	1.99E-01	0.00E+00	0.00E+00	1
48	47	45	46	0.00E+00	0.00E+00	4.11E+00	0.00E+00	0.00E+00	9.07E+00	0.00E+00	0.00E+00	1
49	48	44	45	0.00E+00	0.00E+00	9.19E+02	0.00E+00	0.00E+00	8.14E-01	0.00E+00	0.00E+00	1
71	65	23	29	0.00E+00	0.00E+00	5.68E+01	0.00E+00	0.00E+00	4.03E-03	0.00E+00	0.00E+00	1
55	51	39	43	0.00E+00	0.00E+00	2.03E+01	0.00E+00	0.00E+00	1.74E-01	0.00E+00	0.00E+00	1
57	53	37	41	0.00E+00	0.00E+00	2.69E+01	0.00E+00	0.00E+00	5.96E-02	0.00E+00	0.00E+00	1
67	57	27	37	0.00E+00	0.00E+00	6.59E+01	0.00E+00	0.00E+00	1.24E-02	0.00E+00	0.00E+00	1
61	57	33	37	0.00E+00	0.00E+00	5.46E+01	0.00E+00	0.00E+00	5.66E-03	0.00E+00	0.00E+00	1
63	59	31	35	0.00E+00	0.00E+00	6.65E+00	0.00E+00	0.00E+00	-2.19E-03	0.00E+00	0.00E+00	1
51	49	43	45	0.00E+00	0.00E+00	1.09E+01	0.00E+00	0.00E+00	2.12E+00	0.00E+00	0.00E+00	1
57	55	37	39	0.00E+00	0.00E+00	3.91E+01	0.00E+00	0.00E+00	1.00E-02	0.00E+00	0.00E+00	1
52	51	42	43	0.00E+00	0.00E+00	2.20E+01	0.00E+00	0.00E+00	3.30E-02	0.00E+00	0.00E+00	1
63	55	31	39	0.00E+00	0.00E+00	4.69E+01	0.00E+00	0.00E+00	3.24E-02	0.00E+00	0.00E+00	1
65	59	29	35	0.00E+00	0.00E+00	-8.16E+00	0.00E+00	0.00E+00	-1.09E-03	0.00E+00	0.00E+00	1
65	61	29	33	0.00E+00	0.00E+00	1.10E+02	0.00E+00	0.00E+00	9.12E-04	0.00E+00	0.00E+00	1
53	49	41	45	0.00E+00	0.00E+00	1.15E+01	0.00E+00	0.00E+00	2.93E+00	0.00E+00	0.00E+00	1
59	55	35	39	0.00E+00	0.00E+00	4.20E+01	0.00E+00	0.00E+00	2.48E-02	0.00E+00	0.00E+00	1
55	53	39	41	0.00E+00	0.00E+00	2.38E+01	0.00E+00	0.00E+00	2.23E-02	0.00E+00	0.00E+00	1
71	63	23	31	0.00E+00	0.00E+00	3.07E+01	0.00E+00	0.00E+00	7.83E-03	0.00E+00	0.00E+00	1
59	51	35	43	0.00E+00	0.00E+00	2.58E+01	0.00E+00	0.00E+00	3.02E-01	0.00E+00	0.00E+00	1
53	51	41	43	0.00E+00	0.00E+00	1.94E+01	0.00E+00	0.00E+00	6.91E-02	0.00E+00	0.00E+00	1
67	59	27	35	0.00E+00	0.00E+00	1.16E+02	0.00E+00	0.00E+00	1.90E-03	0.00E+00	0.00E+00	1
59	53	35	41	0.00E+00	0.00E+00	3.29E+01	0.00E+00	0.00E+00	8.52E-02	0.00E+00	0.00E+00	1
49	48	45	46	0.00E+00	0.00E+00	6.24E+00	0.00E+00	0.00E+00	3.38E+00	0.00E+00	0.00E+00	1
52	51	43	44	0.00E+00	0.00E+00	-1.72E+03	0.00E+00	0.00E+00	-6.41E-01	0.00E+00	0.00E+00	1
49	48	46	47	0.00E+00	0.00E+00	7.69E+00	0.00E+00	0.00E+00	1.93E+01	0.00E+00	0.00E+00	1
63	53	33	43	0.00E+00	0.00E+00	3.36E+01	0.00E+00	0.00E+00	1.48E-01	0.00E+00	0.00E+00	1
52	51	44	45	0.00E+00	0.00E+00	-1.25E+03	0.00E+00	0.00E+00	8.78E-01	0.00E+00	0.00E+00	1
53	51	43	45	0.00E+00	0.00E+00	1.05E+01	0.00E+00	0.00E+00	3.40E-01	0.00E+00	0.00E+00	1
53	52	43	44	0.00E+00	0.00E+00	-5.71E+03	0.00E+00	0.00E+00	3.84E-01	0.00E+00	0.00E+00	1
57	55	39	41	0.00E+00	0.00E+00	2.75E+01	0.00E+00	0.00E+00	1.19E-02	0.00E+00	0.00E+00	1
55	53	41	43	0.00E+00	0.00E+00	1.74E+01	0.00E+00	0.00E+00	2.54E-02	0.00E+00	0.00E+00	1
51	49	45	47	0.00E+00	0.00E+00	1.07E+01	0.00E+00	0.00E+00	1.07E+01	0.00E+00	0.00E+00	1
69	63	27	33	0.00E+00	0.00E+00	3.15E+01	0.00E+00	0.00E+00	3.68E-03	0.00E+00	0.00E+00	1
57	51	39	45	0.00E+00	0.00E+00	1.40E+01	0.00E+00	0.00E+00	7.00E-01	0.00E+00	0.00E+00	1
63	57	33	39	0.00E+00	0.00E+00	5.54E+01	0.00E+00	0.00E+00	1.71E-02	0.00E+00	0.00E+00	1
52	51	45	46	0.00E+00	0.00E+00	1.06E+01	0.00E+00	0.00E+00	2.46E-01	0.00E+00	0.00E+00	1
53	52	44	45	0.00E+00	0.00E+00	-7.81E+03	0.00E+00	0.00E+00	-2.81E-01	0.00E+00	0.00E+00	1
55	53	43	45	0.00E+00	0.00E+00	1.11E+01	0.00E+00	0.00E+00	1.13E-01	0.00E+00	0.00E+00	1
61	53	37	45	0.00E+00	0.00E+00	2.03E+01	0.00E+00	0.00E+00	3.21E-01	0.00E+00	0.00E+00	1
57	55	41	43	0.00E+00	0.00E+00	2.46E+01	0.00E+00	0.00E+00	1.25E-02	0.00E+00	0.00E+00	1
61	55	37	43	0.00E+00	0.00E+00	4.76E+01	0.00E+00	0.00E+00	6.35E-02	0.00E+00	0.00E+00	1
59	55	39	43	0.00E+00	0.00E+00	3.07E+01	0.00E+00	0.00E+00	3.79E-02	0.00E+00	0.00E+00	1
69	59	29	39	0.00E+00	0.00E+00	5.20E+01	0.00E+00	0.00E+00	2.04E-02	0.00E+00	0.00E+00	1
63	59	35	39	0.00E+00	0.00E+00	7.51E+01	0.00E+00	0.00E+00	8.55E-03	0.00E+00	0.00E+00	1
57	53	41	45	0.00E+00	0.00E+00	1.46E+01	0.00E+00	0.00E+00	1.99E-01	0.00E+00	0.00E+00	1
59	57	39	41	0.00E+00	0.00E+00	5.13E+01	0.00E+00	0.00E+00	6.48E-03	0.00E+00	0.00E+00	1
69	61	29	37	0.00E+00	0.00E+00	9.43E+01	0.00E+00	0.00E+00	2.59E-03	0.00E+00	0.00E+00	1
65	57	33	41	0.00E+00	0.00E+00	4.65E+01	0.00E+00	0.00E+00	3.63E-02	0.00E+00	0.00E+00	1
52	51	46	47	0.00E+00	0.00E+00	1.29E+01	0.00E+00	0.00E+00	7.47E-01	0.00E+00	0.00E+00	1
53	51	45	47	0.00E+00	0.00E+00	1.13E+01	0.00E+00	0.00E+00	1.40E+00	0.00E+00	0.00E+00	1
53	52	45	46	0.00E+00	0.00E+00	9.36E+00	0.00E+00	0.00E+00	1.04E-01	0.00E+00	0.00E+00	1
54	53	44	45	0.00E+00	0.00E+00	-2.82E+03	0.00E+00	0.00E+00	-3.17E-02	0.00E+00	0.00E+00	1
61	57	37	41	0.00E+00	0.00E+00	6.76E+01	0.00E+00	0.00E+00	1.95E-02	0.00E+00	0.00E+00	1
65	61	33	37	0.00E+00	0.00E+00	-1.39E+01	0.00E+00	0.00E+00	-1.80E-03	0.00E+00	0.00E+00	1
69	65	29	33	0.00E+00	0.00E+00	8.17E+01	0.00E+00	0.00E+00	9.52E-04	0.00E+00	0.00E+00	1
55	51	43	47	0.00E+00	0.00E+00	1.11E+01	0.00E+00	0.00E+00	2.28E+00	0.00E+00	0.00E+00	1
52	51	47	48	0.00E+00	0.00E+00	1.11E+01	0.00E+00	0.00E+00	1.17E+00	0.00E+00	0.00E+00	1
53	52	46	47	0.00E+00	0.00E+00	1.17E+01	0.00E+00	0.00E+00	3.05E-01	0.00E+00	0.00E+00	1
54	53	45	46	0.00E+00	0.00E+00	9.41E+00	0.00E+00	0.00E+00	5.79E-02	0.00E+00	0.00E+00	1
59	53	41	47	0.00E+00	0.00E+00	1.31E+01	0.00E+00	0.00E+00	8.82E-01	0.00E+00	0.00E+00	1
65	55	35	45	0.00E+00	0.00E+00	3.02E+01	0.00E+00	0.00E+00	1.83E-01	0.00E+00	0.00E+00	1
55	53	45	47	0.00E+00	0.00E+00	1.02E+01	0.00E+00	0.00E+00	4.21E-01	0.00E+00	0.00E+00	1
55	54	45	46	0.00E+00	0.00E+00	1.06E+01	0.00E+00	0.00E+00	5.20E-02	0.00E+00	0.00E+00	1
57	55	43	45	0.00E+00	0.00E+00	1.83E+01	0.00E+00	0.00E+00	4.82E-02	0.00E+00	0.00E+00	1
59	57	41	43	0.00E+00	0.00E+00	5.17E+01	0.00E+00	0.00E+00	6.65E-03	0.00E+00	0.00E+00	1
65	59	35	41	0.00E+00	0.00E+00	4.59E+01	0.00E+00	0.00E+00	2.15E-02	0.00E+00	0.00E+00	1
52	51	48	49	0.00E+00	0.00E+00	9.98E+00	0.00E+00	0.00E+00	3.11E+00	0.00E+00	0.00E+00	1
53	51	47	49	0.00E+00	0.00E+00	1.06E+01	0.00E+00	0.00E+00	5.83E+00	0.00E+00	0.00E+00	1
71	65	29	35	0.00E+00	0.00E+00	1.78E+02	0.00E+00	0.00E+00	4.96E-04	0.00E+00	0.00E+00	1
53	52	47	48	0.00E+00	0.00E+00	1.02E+01	0.00E+00	0.00E+00	4.67E-01	0.00E+00	0.00E+00	1
54	53	46	47	0.00E+00	0.00E+00	1.12E+01	0.00E+00	0.00E+00	1.68E-01	0.00E+00	0.00E+00	1
52	51	49	50	0.00E+00	0.00E+00	1.07E+01	0.00E+00	0.00E+00	4.45E+01	0.00E+00	0.00E+00	1
53	52	48	49	0.00E+00	0.00E+00	1.00E+01	0.00E+00	0.00E+00	1.09E+00	0.00E+00	0.00E+00	1
54	53	47	48	0.00E+00	0.00E+00	9.52E+00	0.00E+00	0.00E+00	2.42E-01	0.00E+00	0.00E+00	1
55	54	46	47	0.00E+00	0.00E+00	1.15E+01	0.00E+00	0.00E+00	1.43E-01	0.00E+00	0.00E+00	1
69	65	33	37	0.00E+00	0.00E+00	7.24E+01	0.00E+00	0.00E+00	2.03E-03	0.00E+00	0.00E+00	1
57	53	45	49	0.00E+00	0.00E+00	1.01E+01	0.00E+00	0.00E+00	2.34E+00	0.00E+00	0.00E+00	1
57	55	45	47	0.00E+00	0.00E+00	1.41E+01	0.00E+00	0.00E+00	1.60E-01	0.00E+00	0.00E+00	1
63	55	39	47	0.00E+00	0.00E+00	2.17E+01	0.00E+00	0.00E+00	4.12E-01	0.00E+00	0.00E+00	1
59	57	43	45	0.00E+00	0.00E+00	1.99E+01	0.00E+00	0.00E+00	2.35E-02	0.00E+00	0.00E+00	1
63	57	39	45	0.00E+00	0.00E+00	3.58E+01	0.00E+00	0.00E+00	6.48E-02	0.00E+00	0.00E+00	1
53	52	49	50	0.00E+00	0.00E+00	1.14E+01	0.00E+00	0.00E+00	8.22E+00	0.00E+00	0.00E+00	1
65	61	37	41	0.00E+00	0.00E+00	-3.58E+00	0.00E+00	0.00E+00	1.21E-02	0.00E+00	0.00E+00	1
71	67	31	35	0.00E+00	0.00E+00	5.08E+00	0.00E+00	0.00E+00	-8.96E-04	0.00E+00	0.00E+00	1
59	55	43	47	0.00E+00	0.00E+00	1.61E+01	0.00E+00	0.00E+00	3.03E-01	0.00E+00	0.00E+00	1
67	59	35	43	0.00E+00	0.00E+00	6.81E+01	0.00E+00	0.00E+00	3.30E-02	0.00E+00	0.00E+00	1
61	59	41	43	0.00E+00	0.00E+00	2.08E+02	0.00E+00	0.00E+00	2.39E-03	0.00E+00	0.00E+00	1
54	53	48	49	0.00E+00	0.00E+00	8.81E+00	0.00E+00	0.00E+00	5.11E-01	0.00E+00	0.00E+00	1
55	53	47	49	0.00E+00	0.00E+00	9.13E+00	0.00E+00	0.00E+00	1.33E+00	0.00E+00	0.00E+00	1
71	63	31	39	0.00E+00	0.00E+00	3.97E+01	0.00E+00	0.00E+00	1.40E-02	0.00E+00	0.00E+00	1
55	54	47	48	0.00E+00	0.00E+00	9.94E+00	0.00E+00	0.00E+00	2.03E-01	0.00E+00	0.00E+00	1
56	55	46	47	0.00E+00	0.00E+00	1.51E+01	0.00E+00	0.00E+00	7.62E-02	0.00E+00	0.00E+00	1
71	61	31	41	0.00E+00	0.00E+00	1.76E+01	0.00E+00	0.00E+00	2.70E-02	0.00E+00	0.00E+00	1
63	59	39	43	0.00E+00	0.00E+00	7.93E+01	0.00E+00	0.00E+00	9.82E-03	0.00E+00	0.00E+00	1
61	57	41	45	0.00E+00	0.00E+00	2.04E+01	0.00E+00	0.00E+00	4.25E-02	0.00E+00	0.00E+00	1
69	63	33	39	0.00E+00	0.00E+00	4.14E+01	0.00E+00	0.00E+00	1.06E-02	0.00E+00	0.00E+00	1
56	55	47	48	0.00E+00	0.00E+00	1.27E+01	0.00E+00	0.00E+00	1.06E-01	0.00E+00	0.00E+00	1
53	52	50	51	0.00E+00	0.00E+00	9.96E+00	0.00E+00	0.00E+00	8.09E+00	0.00E+00	0.00E+00	1
54	53	49	50	0.00E+00	0.00E+00	1.11E+01	0.00E+00	0.00E+00	3.16E+00	0.00E+00	0.00E+00	1
55	54	48	49	0.00E+00	0.00E+00	9.36E+00	0.00E+00	0.00E+00	3.71E-01	0.00E+00	0.00E+00	1
55	54	49	50	0.00E+00	0.00E+00	1.11E+01	0.00E+00	0.00E+00	1.39E+00	0.00E+00	0.00E+00	1
56	55	48	49	0.00E+00	0.00E+00	1.17E+01	0.00E+00	0.00E+00	1.82E-01	0.00E+00	0.00E+00	1
57	56	47	48	0.00E+00	0.00E+00	1.29E+01	0.00E+00	0.00E+00	5.37E-02	0.00E+00	0.00E+00	1
61	55	43	49	0.00E+00	0.00E+00	1.47E+01	0.00E+00	0.00E+00	9.89E-01	0.00E+00	0.00E+00	1
67	57	37	47	0.00E+00	0.00E+00	3.25E+01	0.00E+00	0.00E+00	2.28E-01	0.00E+00	0.00E+00	1
57	55	47	49	0.00E+00	0.00E+00	1.14E+01	0.00E+00	0.00E+00	4.33E-01	0.00E+00	0.00E+00	1
59	57	45	47	0.00E+00	0.00E+00	2.13E+01	0.00E+00	0.00E+00	7.02E-02	0.00E+00	0.00E+00	1
54	53	50	51	0.00E+00	0.00E+00	1.04E+01	0.00E+00	0.00E+00	2.13E+00	0.00E+00	0.00E+00	1
55	53	49	51	0.00E+00	0.00E+00	1.09E+01	0.00E+00	0.00E+00	7.43E+00	0.00E+00	0.00E+00	1
61	59	43	45	0.00E+00	0.00E+00	-3.84E+01	0.00E+00	0.00E+00	9.47E-03	0.00E+00	0.00E+00	1
55	54	50	51	0.00E+00	0.00E+00	1.10E+01	0.00E+00	0.00E+00	7.39E-01	0.00E+00	0.00E+00	1
56	55	49	50	0.00E+00	0.00E+00	1.25E+01	0.00E+00	0.00E+00	5.78E-01	0.00E+00	0.00E+00	1
57	56	48	49	0.00E+00	0.00E+00	1.04E+01	0.00E+00	0.00E+00	9.16E-02	0.00E+00	0.00E+00	1
54	53	51	52	0.00E+00	0.00E+00	7.32E+00	0.00E+00	0.00E+00	1.29E+01	0.00E+00	0.00E+00	1
59	55	47	51	0.00E+00	0.00E+00	1.31E+01	0.00E+00	0.00E+00	2.38E+00	0.00E+00	0.00E+00	1
65	59	41	47	0.00E+00	0.00E+00	3.90E+01	0.00E+00	0.00E+00	8.04E-02	0.00E+00	0.00E+00	1
71	67	35	39	0.00E+00	0.00E+00	2.86E+01	0.00E+00	0.00E+00	7.70E-03	0.00E+00	0.00E+00	1
65	61	41	45	0.00E+00	0.00E+00	8.67E+01	0.00E+00	0.00E+00	1.47E-02	0.00E+00	0.00E+00	1
56	55	50	51	0.00E+00	0.00E+00	1.35E+01	0.00E+00	0.00E+00	2.82E-01	0.00E+00	0.00E+00	1
71	65	35	41	0.00E+00	0.00E+00	3.16E+01	0.00E+00	0.00E+00	1.71E-02	0.00E+00	0.00E+00	1
61	59	45	47	0.00E+00	0.00E+00	3.35E+01	0.00E+00	0.00E+00	2.13E-02	0.00E+00	0.00E+00	1
65	57	41	49	0.00E+00	0.00E+00	2.53E+01	0.00E+00	0.00E+00	4.62E-01	0.00E+00	0.00E+00	1
55	54	51	52	0.00E+00	0.00E+00	7.53E+00	0.00E+00	0.00E+00	2.68E+00	0.00E+00	0.00E+00	1
69	65	37	41	0.00E+00	0.00E+00	2.79E+01	0.00E+00	0.00E+00	8.49E-03	0.00E+00	0.00E+00	1
61	57	45	49	0.00E+00	0.00E+00	2.11E+01	0.00E+00	0.00E+00	3.13E-01	0.00E+00	0.00E+00	1
57	55	49	51	0.00E+00	0.00E+00	1.27E+01	0.00E+00	0.00E+00	1.34E+00	0.00E+00	0.00E+00	1
63	59	43	47	0.00E+00	0.00E+00	3.55E+01	0.00E+00	0.00E+00	6.08E-02	0.00E+00	0.00E+00	1
69	61	37	45	0.00E+00	0.00E+00	4.14E+01	0.00E+00	0.00E+00	4.44E-02	0.00E+00	0.00E+00	1
63	61	43	45	0.00E+00	0.00E+00	1.55E+02	0.00E+00	0.00E+00	6.94E-03	0.00E+00	0.00E+00	1
57	56	49	50	0.00E+00	0.00E+00	1.12E+01	0.00E+00	0.00E+00	3.27E-01	0.00E+00	0.00E+00	1
58	57	48	49	0.00E+00	0.00E+00	1.78E+01	0.00E+00	0.00E+00	6.09E-02	0.00E+00	0.00E+00	1
59	57	47	49	0.00E+00	0.00E+00	1.68E+01	0.00E+00	0.00E+00	1.73E-01	0.00E+00	0.00E+00	1
57	56	50	51	0.00E+00	0.00E+00	1.67E+01	0.00E+00	0.00E+00	1.50E-01	0.00E+00	0.00E+00	1
55	54	52	53	0.00E+00	0.00E+00	6.23E+00	0.00E+00	0.00E+00	4.18E+00	0.00E+00	0.00E+00	1
56	55	51	52	0.00E+00	0.00E+00	9.28E+00	0.00E+00	0.00E+00	8.34E-01	0.00E+00	0.00E+00	1
58	57	49	50	0.00E+00	0.00E+00	1.59E+01	0.00E+00	0.00E+00	1.69E-01	0.00E+00	0.00E+00	1
58	57	50	51	0.00E+00	0.00E+00	1.24E+01	0.00E+00	0.00E+00	8.08E-02	0.00E+00	0.00E+00	1
56	55	52	53	0.00E+00	0.00E+00	8.47E+00	0.00E+00	0.00E+00	8.46E-01	0.00E+00	0.00E+00	1
57	55	51	53	0.00E+00	0.00E+00	8.59E+00	0.00E+00	0.00E+00	2.42E+00	0.00E+00	0.00E+00	1
57	56	51	52	0.00E+00	0.00E+00	8.90E+00	0.00E+00	0.00E+00	3.78E-01	0.00E+00	0.00E+00	1
63	61	45	47	0.00E+00	0.00E+00	4.17E+01	0.00E+00	0.00E+00	2.21E-02	0.00E+00	0.00E+00	1
63	57	45	51	0.00E+00	0.00E+00	2.16E+01	0.00E+00	0.00E+00	1.03E+00	0.00E+00	0.00E+00	1
69	63	39	45	0.00E+00	0.00E+00	3.83E+01	0.00E+00	0.00E+00	1.99E-02	0.00E+00	0.00E+00	1
59	58	49	50	0.00E+00	0.00E+00	1.59E+01	0.00E+00	0.00E+00	1.28E-01	0.00E+00	0.00E+00	1
69	59	39	49	0.00E+00	0.00E+00	3.64E+01	0.00E+00	0.00E+00	2.37E-01	0.00E+00	0.00E+00	1
59	57	49	51	0.00E+00	0.00E+00	1.65E+01	0.00E+00	0.00E+00	4.34E-01	0.00E+00	0.00E+00	1
61	59	47	49	0.00E+00	0.00E+00	3.14E+01	0.00E+00	0.00E+00	4.81E-02	0.00E+00	0.00E+00	1
56	55	53	54	0.00E+00	0.00E+00	5.20E+00	0.00E+00	0.00E+00	6.34E+00	0.00E+00	0.00E+00	1
57	56	52	53	0.00E+00	0.00E+00	8.62E+00	0.00E+00	0.00E+00	3.66E-01	0.00E+00	0.00E+00	1
59	58	50	51	0.00E+00	0.00E+00	2.26E+01	0.00E+00	0.00E+00	5.62E-02	0.00E+00	0.00E+00	1
58	57	51	52	0.00E+00	0.00E+00	1.12E+01	0.00E+00	0.00E+00	2.00E-01	0.00E+00	0.00E+00	1
61	57	49	53	0.00E+00	0.00E+00	1.50E+01	0.00E+00	0.00E+00	1.29E+00	0.00E+00	0.00E+00	1
65	61	45	49	0.00E+00	0.00E+00	3.88E+01	0.00E+00	0.00E+00	9.09E-02	0.00E+00	0.00E+00	1
61	59	49	51	0.00E+00	0.00E+00	3.11E+01	0.00E+00	0.00E+00	9.99E-02	0.00E+00	0.00E+00	1
71	63	39	47	0.00E+00	0.00E+00	3.11E+01	0.00E+00	0.00E+00	5.30E-02	0.00E+00	0.00E+00	1
67	59	43	51	0.00E+00	0.00E+00	3.34E+01	0.00E+00	0.00E+00	4.61E-01	0.00E+00	0.00E+00	1
57	56	53	54	0.00E+00	0.00E+00	5.77E+00	0.00E+00	0.00E+00	1.36E+00	0.00E+00	0.00E+00	1
58	57	52	53	0.00E+00	0.00E+00	9.79E+00	0.00E+00	0.00E+00	1.73E-01	0.00E+00	0.00E+00	1
59	58	51	52	0.00E+00	0.00E+00	1.30E+01	0.00E+00	0.00E+00	1.36E-01	0.00E+00	0.00E+00	1
63	59	47	51	0.00E+00	0.00E+00	3.16E+01	0.00E+00	0.00E+00	3.07E-01	0.00E+00	0.00E+00	1
71	67	39	43	0.00E+00	0.00E+00	-1.25E+02	0.00E+00	0.00E+00	7.21E-03	0.00E+00	0.00E+00	1
69	65	41	45	0.00E+00	0.00E+00	5.89E+01	0.00E+00	0.00E+00	8.75E-03	0.00E+00	0.00E+00	1
60	59	50	51	0.00E+00	0.00E+00	2.54E+01	0.00E+00	0.00E+00	2.07E-02	0.00E+00	0.00E+00	1
63	61	47	49	0.00E+00	0.00E+00	3.90E+01	0.00E+00	0.00E+00	4.24E-02	0.00E+00	0.00E+00	1
59	57	51	53	0.00E+00	0.00E+00	1.07E+01	0.00E+00	0.00E+00	6.24E-01	0.00E+00	0.00E+00	1
65	63	45	47	0.00E+00	0.00E+00	3.49E+01	0.00E+00	0.00E+00	9.81E-03	0.00E+00	0.00E+00	1
57	56	54	55	0.00E+00	0.00E+00	5.35E+00	0.00E+00	0.00E+00	8.11E+00	0.00E+00	0.00E+00	1
58	57	53	54	0.00E+00	0.00E+00	7.58E+00	0.00E+00	0.00E+00	6.15E-01	0.00E+00	0.00E+00	1
59	58	52	53	0.00E+00	0.00E+00	1.23E+01	0.00E+00	0.00E+00	1.14E-01	0.00E+00	0.00E+00	1
60	59	51	52	0.00E+00	0.00E+00	1.83E+01	0.00E+00	0.00E+00	5.05E-02	0.00E+00	0.00E+00	1
63	61	49	51	0.00E+00	0.00E+00	3.01E+01	0.00E+00	0.00E+00	1.16E-01	0.00E+00	0.00E+00	1
59	57	53	55	0.00E+00	0.00E+00	7.23E+00	0.00E+00	0.00E+00	3.86E+00	0.00E+00	0.00E+00	1
59	58	53	54	0.00E+00	0.00E+00	1.01E+01	0.00E+00	0.00E+00	3.54E-01	0.00E+00	0.00E+00	1
65	63	47	49	0.00E+00	0.00E+00	3.72E+01	0.00E+00	0.00E+00	1.62E-02	0.00E+00	0.00E+00	1
60	59	52	53	0.00E+00	0.00E+00	1.70E+01	0.00E+00	0.00E+00	4.07E-02	0.00E+00	0.00E+00	1
65	59	47	53	0.00E+00	0.00E+00	2.88E+01	0.00E+00	0.00E+00	5.98E-01	0.00E+00	0.00E+00	1
71	65	41	47	0.00E+00	0.00E+00	3.90E+01	0.00E+00	0.00E+00	2.93E-02	0.00E+00	0.00E+00	1
71	61	41	51	0.00E+00	0.00E+00	3.61E+01	0.00E+00	0.00E+00	3.53E-01	0.00E+00	0.00E+00	1
61	59	51	53	0.00E+00	0.00E+00	1.96E+01	0.00E+00	0.00E+00	1.32E-01	0.00E+00	0.00E+00	1
61	60	51	52	0.00E+00	0.00E+00	3.92E+01	0.00E+00	0.00E+00	2.28E-02	0.00E+00	0.00E+00	1
58	57	54	55	0.00E+00	0.00E+00	6.03E+00	0.00E+00	0.00E+00	1.97E+00	0.00E+00	0.00E+00	1
58	57	55	56	0.00E+00	0.00E+00	4.51E+00	0.00E+00	0.00E+00	5.89E+00	0.00E+00	0.00E+00	1
59	58	54	55	0.00E+00	0.00E+00	8.72E+00	0.00E+00	0.00E+00	9.23E-01	0.00E+00	0.00E+00	1
60	59	53	54	0.00E+00	0.00E+00	1.41E+01	0.00E+00	0.00E+00	1.26E-01	0.00E+00	0.00E+00	1
61	60	52	53	0.00E+00	0.00E+00	2.94E+01	0.00E+00	0.00E+00	1.80E-02	0.00E+00	0.00E+00	1
61	59	53	55	0.00E+00	0.00E+00	1.41E+01	0.00E+00	0.00E+00	5.75E-01	0.00E+00	0.00E+00	1
67	65	47	49	0.00E+00	0.00E+00	6.76E+01	0.00E+00	0.00E+00	8.27E-03	0.00E+00	0.00E+00	1
61	60	53	54	0.00E+00	0.00E+00	2.48E+01	0.00E+00	0.00E+00	5.55E-02	0.00E+00	0.00E+00	1
69	63	45	51	0.00E+00	0.00E+00	3.70E+01	0.00E+00	0.00E+00	1.16E-01	0.00E+00	0.00E+00	1
63	59	51	55	0.00E+00	0.00E+00	1.91E+01	0.00E+00	0.00E+00	1.01E+00	0.00E+00	0.00E+00	1
69	65	45	49	0.00E+00	0.00E+00	3.93E+01	0.00E+00	0.00E+00	2.91E-02	0.00E+00	0.00E+00	1
65	63	49	51	0.00E+00	0.00E+00	2.98E+01	0.00E+00	0.00E+00	3.27E-02	0.00E+00	0.00E+00	1
69	61	45	53	0.00E+00	0.00E+00	3.46E+01	0.00E+00	0.00E+00	4.25E-01	0.00E+00	0.00E+00	1
63	61	51	53	0.00E+00	0.00E+00	3.11E+01	0.00E+00	0.00E+00	8.89E-02	0.00E+00	0.00E+00	1
59	58	55	56	0.00E+00	0.00E+00	7.35E+00	0.00E+00	0.00E+00	1.70E+00	0.00E+00	0.00E+00	1
60	59	54	55	0.00E+00	0.00E+00	1.13E+01	0.00E+00	0.00E+00	2.83E-01	0.00E+00	0.00E+00	1
65	61	49	53	0.00E+00	0.00E+00	3.09E+01	0.00E+00	0.00E+00	2.59E-01	0.00E+00	0.00E+00	1
71	67	43	47	0.00E+00	0.00E+00	8.86E+01	0.00E+00	0.00E+00	1.60E-02	0.00E+00	0.00E+00	1
61	60	54	55	0.00E+00	0.00E+00	2.02E+01	0.00E+00	0.00E+00	1.09E-01	0.00E+00	0.00E+00	1
59	58	56	57	0.00E+00	0.00E+00	5.47E+00	0.00E+00	0.00E+00	7.13E+00	0.00E+00	0.00E+00	1
60	59	55	56	0.00E+00	0.00E+00	9.24E+00	0.00E+00	0.00E+00	4.20E-01	0.00E+00	0.00E+00	1
67	65	49	51	0.00E+00	0.00E+00	8.70E+01	0.00E+00	0.00E+00	1.22E-02	0.00E+00	0.00E+00	1
65	63	51	53	0.00E+00	0.00E+00	4.08E+01	0.00E+00	0.00E+00	2.08E-02	0.00E+00	0.00E+00	1
61	59	55	57	0.00E+00	0.00E+00	8.80E+00	0.00E+00	0.00E+00	2.05E+00	0.00E+00	0.00E+00	1
61	60	55	56	0.00E+00	0.00E+00	1.49E+01	0.00E+00	0.00E+00	1.41E-01	0.00E+00	0.00E+00	1
63	61	53	55	0.00E+00	0.00E+00	2.50E+01	0.00E+00	0.00E+00	2.11E-01	0.00E+00	0.00E+00	1
60	59	56	57	0.00E+00	0.00E+00	6.98E+00	0.00E+00	0.00E+00	1.15E+00	0.00E+00	0.00E+00	1
60	59	57	58	0.00E+00	0.00E+00	5.11E+00	0.00E+00	0.00E+00	4.30E+00	0.00E+00	0.00E+00	1
61	60	56	57	0.00E+00	0.00E+00	1.25E+01	0.00E+00	0.00E+00	3.32E-01	0.00E+00	0.00E+00	1
63	61	55	57	0.00E+00	0.00E+00	2.23E+01	0.00E+00	0.00E+00	5.12E-01	0.00E+00	0.00E+00	1
71	67	47	51	0.00E+00	0.00E+00	2.52E+01	0.00E+00	0.00E+00	4.80E-02	0.00E+00	0.00E+00	1
65	61	53	57	0.00E+00	0.00E+00	2.47E+01	0.00E+00	0.00E+00	8.45E-01	0.00E+00	0.00E+00	1
65	63	53	55	0.00E+00	0.00E+00	3.78E+01	0.00E+00	0.00E+00	4.53E-02	0.00E+00	0.00E+00	1
71	63	47	55	0.00E+00	0.00E+00	3.85E+01	0.00E+00	0.00E+00	2.53E-01	0.00E+00	0.00E+00	1
71	65	47	53	0.00E+00	0.00E+00	4.02E+01	0.00E+00	0.00E+00	9.39E-02	0.00E+00	0.00E+00	1
67	65	51	53	0.00E+00	0.00E+00	6.32E+01	0.00E+00	0.00E+00	8.35E-03	0.00E+00	0.00E+00	1
61	60	57	58	0.00E+00	0.00E+00	8.11E+00	0.00E+00	0.00E+00	7.68E-01	0.00E+00	0.00E+00	1
69	65	49	53	0.00E+00	0.00E+00	4.53E+01	0.00E+00	0.00E+00	4.65E-02	0.00E+00	0.00E+00	1
69	67	49	51	0.00E+00	0.00E+00	2.18E+01	0.00E+00	0.00E+00	1.64E-02	0.00E+00	0.00E+00	1
61	60	58	59	0.00E+00	0.00E+00	5.32E+00	0.00E+00	0.00E+00	4.71E+00	0.00E+00	0.00E+00	1
67	65	53	55	0.00E+00	0.00E+00	5.72E+01	0.00E+00	0.00E+00	1.94E-02	0.00E+00	0.00E+00	1
69	67	51	53	0.00E+00	0.00E+00	4.30E+01	0.00E+00	0.00E+00	8.98E-03	0.00E+00	0.00E+00	1
63	61	57	59	0.00E+00	0.00E+00	1.18E+01	0.00E+00	0.00E+00	2.89E+00	0.00E+00	0.00E+00	1
69	63	51	57	0.00E+00	0.00E+00	3.87E+01	0.00E+00	0.00E+00	2.46E-01	0.00E+00	0.00E+00	1
65	63	55	57	0.00E+00	0.00E+00	3.39E+01	0.00E+00	0.00E+00	7.84E-02	0.00E+00	0.00E+00	1
69	65	53	57	0.00E+00	0.00E+00	4.19E+01	0.00E+00	0.00E+00	8.43E-02	0.00E+00	0.00E+00	1
71	67	51	55	0.00E+00	0.00E+00	3.70E+01	0.00E+00	0.00E+00	4.11E-02	0.00E+00	0.00E+00	1
71	69	51	53	0.00E+00	0.00E+00	4.89E+01	0.00E+00	0.00E+00	7.20E-03	0.00E+00	0.00E+00	1
65	63	57	59	0.00E+00	0.00E+00	2.79E+01	0.00E+00	0.00E+00	1.94E-01	0.00E+00	0.00E+00	1
67	65	55	57	0.00E+00	0.00E+00	4.75E+01	0.00E+00	0.00E+00	2.83E-02	0.00E+00	0.00E+00	1
69	67	53	55	0.00E+00	0.00E+00	3.61E+01	0.00E+00	0.00E+00	1.49E-02	0.00E+00	0.00E+00	1
67	65	57	59	0.00E+00	0.00E+00	4.53E+01	0.00E+00	0.00E+00	5.74E-02	0.00E+00	0.00E+00	1
69	67	55	57	0.00E+00	0.00E+00	4.05E+01	0.00E+00	0.00E+00	2.16E-02	0.00E+00	0.00E+00	1
65	63	59	61	0.00E+00	0.00E+00	1.82E+01	0.00E+00	0.00E+00	4.13E-01	0.00E+00	0.00E+00	1
71	69	53	55	0.00E+00	0.00E+00	4.33E+01	0.00E+00	0.00E+00	9.84E-03	0.00E+00	0.00E+00	1
71	65	53	59	0.00E+00	0.00E+00	4.27E+01	0.00E+00	0.00E+00	2.03E-01	0.00E+00	0.00E+00	1
71	67	55	59	0.00E+00	0.00E+00	3.78E+01	0.00E+00	0.00E+00	7.73E-02	0.00E+00	0.00E+00	1
67	65	59	61	0.00E+00	0.00E+00	5.99E+01	0.00E+00	0.00E+00	8.81E-02	0.00E+00	0.00E+00	1
69	67	57	59	0.00E+00	0.00E+00	2.66E+01	0.00E+00	0.00E+00	3.69E-02	0.00E+00	0.00E+00	1
69	65	57	61	0.00E+00	0.00E+00	4.05E+01	0.00E+00	0.00E+00	2.33E-01	0.00E+00	0.00E+00	1
71	69	55	57	0.00E+00	0.00E+00	5.04E+01	0.00E+00	0.00E+00	1.27E-02	0.00E+00	0.00E+00	1
71	69	57	59	0.00E+00	0.00E+00	9.30E+01	0.00E+00	0.00E+00	5.61E-03	0.00E+00	0.00E+00	1
69	67	59	61	0.00E+00	0.00E+00	1.18E+01	0.00E+00	0.00E+00	5.09E-02	0.00E+00	0.00E+00	1
67	65	61	63	0.00E+00	0.00E+00	1.24E+01	0.00E+00	0.00E+00	2.94E+00	0.00E+00	0.00E+00	1
69	67	61	63	0.00E+00	0.00E+00	1.85E+01	0.00E+00	0.00E+00	5.92E-01	0.00E+00	0.00E+00	1
71	67	59	63	0.00E+00	0.00E+00	2.10E+01	0.00E+00	0.00E+00	9.19E-01	0.00E+00	0.00E+00	1
71	69	59	61	0.00E+00	0.00E+00	2.79E+00	0.00E+00	0.00E+00	-1.78E+00	0.00E+00	0.00E+00	1
71	69	61	63	0.00E+00	0.00E+00	6.01E+00	0.00E+00	0.00E+00	2.06E+00	0.00E+00	0.00E+00	1
69	67	63	65	0.00E+00	0.00E+00	5.92E+00	0.00E+00	0.00E+00	1.76E+00	0.00E+00	0.00E+00	1
71	69	63	65	0.00E+00	0.00E+00	1.07E+01	0.00E+00	0.00E+00	4.51E-01	0.00E+00	0.00E+00	1
71	69	65	67	0.00E+00	0.00E+00	6.87E-03	0.00E+00	0.00E+00	1.46E+00	0.00E+00	0.00E+00	1
0												
												
												
												
												
												
												
												
												
												
												
												
												
												
												
												
												
												
												
												
												
												
												
												
												
												
												
												
												
												
												
												
												
												
												
												
												
												
												
												
												
												
												
												
												
												
												
												
												
												
												
												
												
												
												
												
												
												
												
												
												
												
												
												
												
												
												
												
												
												
												
												
												
												
												
												
												
												
												
												
												
												
												
												
												
												
												
												
												
												
												
												
												
												
												
												
												
												
												
												
												
												
												
												
												
												
												
												
												
												
												
												
												
												
												
												
												
												
												
												
												
												
												
												
												
												
												
												
												
												
												
												
												
												
												
												
												
												
												
												
												
												
												
												
												
												
												
												
												
												
												
												
												
												
												
												
												
												
												
												
												
												
												
												
												
												
												
												
												
												
												
												
												
												
												
												
												
												
												
												
												
												
												
												
												
												
												
												
												
												
												
												
												
												
												
												
												
												
												
												
												
												
												
												
												
												
												
												
												
												
												
												
												
												
												
												
												
												
												
												
												
												
												
												
												
												
												
												
												
												
												
												
												
												
												
												
												
												
												
												
												
												
												
												
												
												
												
												
												
												
												
												
												
												
												
												
												
												
												
												
												
												
												
												
												
												
												
												
												
												
												
												
												
												
												
												
												
												
												
												
												
												
												
												
												
												
												
												
												
												
												
												
												
												
												
												
												
												
												
												
												
												
												
												
												
												
												
												
												
												
												
												
												
												
												
												
												
												
												
												
												
												
												
												
												
												
												
												
												
												
												
												
												
												
												
												
												
												
												
												
												
												
												
												
												
												
												
												
												
												
												
												
												
												
												
												
												
												
												
												
												
												
												
												
												
												
												
												
												
												
												
												
												
												
												
												
												
												
												
												
												
												
												
												
												
												
												
												
												
												
												
												
												
												
												
												
												
												
												
												
												
												
												
												
												
												
												
												
												
												
												
												
												
												
												
												
												
												
												
												
												
												
												
												
												
												
												
												
												
												
												
												
												
												
												
												
												
												
												
												
												
												
												
												
												
												
												
												
												
												
												
												
												
												
												
												
												
												
												
												
												
												
												
												
												
												
												
												
												
												
												
												
												
												
												
												
												
												
												
												
												
												
												
												
												
												
												
												
												
												
												
												
												
												
												
												
												
												
												
												
												
												
												
												
												
												
												
												
												
												
												
												
												
												
												
												
												
												
												
												
												
												
												
												
												
												
												
												
												
												
												
												
												
												
												
												
												
												
												
												
												
												
												
												
												
												
												
												
												
												
												
												
												
												
												
												
												
												
												
												
												
												
												
												
												
												
												
												
												
												
												
												
												
												
												
												
												
												
												
												
												
												
												
												
												
												
												
												
												
												
												
												
												
												
												
												
												
												
												
												
												
												
												
												
												
												
												
												
												
												
												
												
												
												
												
												
												
												
												
												
												
												
												
												
												
												
												
												
												
												
												
												
												
												
												
												
												
												
												
												
												
												
												
												
												
												
												
												
												
												
												
												
												
												
												
												
												
												
												
												
												
												
												
												
												
												
												
												
												
												
												
												
												
												
												
												
												
												
												
												
												
												
												
												
												
												
												
												
												
												
												
												
												
												
												
												
												
												
												
												
												
												
												
												
												
												
												
												
												
												
												
												
												
												
												
												
												
												
												
												
												
												
												
												
												
												
												
												
												
												
												
												
												
												
												
												
												
												
												
												
												
												
												
												
												
												
												
												
												
												
												
												
												
												
												
												
												
												
												
												
												
												
												
												
												
												
												
												
												
												
												
												
												
												
												
												
												
												
												
												
												
												
												
												
												
												
												
												
												
												
												
												
												
												
												
												
												
												
												
												
												
												
												
												
												
												
												
												
												
												
												
												
												
												
												
												
												
												
												
												
												
												
												
												
												
												
												
												
												
												
												
												
												
												
												
												
												
												
												
												
												
												
												
												
												
												
												
												
												
												
												
												
												
												
												
												
												
												
												
												
												
												
												
												
												
												
												
												
												
												
												
												
												
												
												
												
												
												
												
												
												
												
												
												
												
												
												
												
												
												
												
												
												
												
												
												
												
												
												
												
												
												
												
												
												
												
												
												
												
												
												
												
												
												
												
												
												
												
												
												
												
												
												
												
												
												
												
												
												
												
												
												
												
												
												
												
												
												
												
												
												
												
												
												
												
												
												
												
												
												
												
												
												
												
												
												
												
												
												
												
												
												
												
												
												
												
												
												
												
												
												
												
												
												
												
												
												
												
												
												
												
												
												
												
												
												
												
												
												
												
												
												
												
												
												
												
												
												
												
												
												
												
												
												
												
												
												
												
												
												
												
												
												
												
												
												
												
												
												
												
												
												
												
												
												
												
												
												
												
												
												
												
												
												
												
												
												
												
												
												
												
												
												
												
												
												
												
												
												
												
												
												
												
												
												
												
												
												
												
												
												
												
												
												
												
												
												
												
												
												
												
												
												
												
												
												
												
												
												
												
												
												
												
												
												
												
												
												
												
												
												
												
												
												
												
												
												
												
												
												
												
												
												
												
												
												
												
												
												
												
												
												
												
												
												
												
												
												
												
												
												
												
												
												
												
												
												
												
												
												
												
												
												
												
												
												
												
												
												
												
												
												
												
												
												
												
												
												
												
												
												
												
												
												
												
												
												
												
												
												
												
												
												
												
												
												
												
												
												
												
												
												
												
												
												
												
												
												
												
												
												
												
												
												
												
												
												
												
												
												
												
												
												
												
												
												
												
												
												
												
												
												
												
												
												
												
												
												
												
												
												
												
												
												
												
												
												
												
												
												
												
												
												
												
												
												
												
												
												
												
												
												
												
												
												
												
												
												
												
												
												
												
												
												
												
												
												
												
												
												
												
												
												
												
												
												
												
												
												
												
												
												
												
												
												
												
												
												
												
												
												
												
												
												
												
												
												
												
												
												
												
												
												
												
												
												
												
												
												
												
												
												
												
												
												
												
												
												
												
												
												
												
												
												
												
												
												
												
												
												
												
												
												
												
												
												
												
												
												
												
												
												
												
												
												
												
												
												
												
												
												
												
												
												
												
												
												
												
												
												
												
												
												
												
												
												
												
												
												
												
												
												
												
												
												
												
												
												
												
												
												
												
												
												
												
												
												
												
												
												
												
												
												
												
												
												
												
												
												
												
												
												
												
												
												
												
												
												
												
												
												
												
												
												
												
												
												
												
												
												
												
												
												
												
												
												
												
												
												
												
												
												
												
												
												
												
												
												
												
												
												
												
												
												
												
												
												
												
												
												
												
												
												
												
												
												
												
												
												
												
												
												
												
												
												
												
												
												
												
												
												
												
												
												
												
												
												
												
												
												
												
												
												
												
												
												
												
												
												
												
												
												
												
												
												
												
												
												
												
												
												
												
												
												
												
												
												
												
												
												
												
												
												
												
												
												
												
												
												
												
												
												
												
												
												
												
												
												
												
												
												
												
												
												
												
												
												
												
												
												
												
												
												
												
												
												
												
												
												
												
												
												
												
												
												
												
												
												
												
												
												
												
												
												
												
												
												
												
												
												
												
												
												
												
												
												
												
												
												
												
												
												
												
												
												
												
												
												
												
												
												
												
												
												
												
												
												
												
												
												
												
												
												
												
												
												
												
												
												
												
												
												
												
												
												
												
												
												
												
												
												
												
												
												
												
												
												
												
												
												
												
												
												
												
												
												
												
												
												
												
												
												
												
												
												
												
												
												
												
												
												
												
												
												
												
												
												
												
												
												
												
												
												
												
												
												
												
												
												
												
												
												
												
												
												
												
												
												
												
												
												
												
												
												
												
												
												
												
												
												
												
												
												
												
												
												
												
												
												
												
												
												
												
												
												
												
												
												
												
												
												
												
												
												
												
												
												
												
												
												
												
												
												
												
												
												
												
												
												
												
												
												
												
												
												
												
												
												
												
												
												
												
												
												
												
												
												
												
												
												
												
												
												
												
												
												
												
												
												
												
												
												
												
												
												
												
												
												
												
												
												
												
												
												
												
												
												
												
												
												
												
												
												
												
												
												
												
												
												
												
												
												
												
												
												
												
												
												
												
												
												
												
												
												
												
												
												
												
												
												
												
												
												
												
												
												
												
												
												
												
												
												
												
												
												
												
												
												
												
												
												
												
												
												
												
												
												
												
												
												
												
												
												
												
												
												
												
												
												
												
												
												
												
												
												
												
												
												
												
												
												
												
												
												
												
												
												
												
												
												
												
												
												
												
												
												
												
												
												
												
												
												
												
												
												
												
												
												
												
												
												
												
												
												
												
												
												
												
												
												
												
												
												
												
												
												
												
												
												
												
												
												
												
												
												
												
												
												
												
												
												
												
												
												
												
												
												
												
												
												
												
												
												
												
												
												
												
												
												
												
												
												
												
												
												
												
												
												
												
												
												
												
												
												
												
												
												
												
												
												
												
												
												
												
												
												
												
												
												
												
												
												
												
												
												
												
												
												
												
												
												
												
												
												
												
												
												
												
												
												
												
												
												
												
												
												
												
												
												
												
												
												
												
												
												
												
												
												
												
												
												
												
												
												
												
												
												
												
												
												
												
												
												
												
												
												
												
												
												
												
												
												
												
												
												
												
												
												
												
												
												
												
												
												
												
												
												
												
												
												
												
												
												
												
												
												
												
												
												
												
												
												
												
												
												
												
												
												
												
												
												
												
												
												
												
												
												
												
												
												
												
												
												
												
												
												
												
												
												
												
												
												
												
												
												
												
												
												
												
												
												
												
												
												
												
												
												
												
												
												
												
												
												
												
												
												
												
												
												
												
												
												
												
												
												
												
												
												
												
												
												
												
												
												
												
												
												
												
												
												
												
												
												
												
												
												
												
												
												
												
												
												
												
												
												
												
												
												
												
												
												
												
												
												
												
												
												
												
												
												
												
												
												
												
												
												
												
												
												
												
												
												
												
												
												
												
												
												
												
												
												
												
												
												
												
												
												
												
												
												
												
												
												
												
												
												
												
												
												
												
												
												
												
												
												
												
												
												
												
												
												
												
												
												
												
												
												
												
												
												
												
												
												
												
												
												
												
												
												
												
												
												
												
												
												
												
												
												
												
												
												
												
												
												
												
												
												
												
												
												
												
												
												
												
												
												
												
												
												
												
												
												
												
												
												
												
												
												
												
												
												
												
												
												
												
												
												
												
												
												
												
												
												
												
												
												
												
												
												
												
												
												
												
												
												
												
												
												
												
												
												
												
												
												
												
												
												
												
												
												
												
												
												
												
												
												
												
												
												
												
												
												
												
												
												
												
												
												
												
												
												
												
												
												
												
												
												
												
												
												
												
												
												
												
												
												
												
												
												
												
												
												
												
												
												
												
												
												
												
												
												
												
												
												
												
												
												
												
												
												
												
												
												
												
												
												
												
												
												
												
												
												
												
												
												
												
												
												
												
												
												
												
												
												
												
												
												
												
												
												
												
												
												
												
												
												
												
												
												
												
												
												
												
												
												
												
												
												
												
												
												
												
												
												
												
												
												
												
												
												
												
												
												
												
												
												
												
												
												
												
												
												
												
												
												
												
												
												
												
												
												
												
												
												
												
												
												
												
												
												
												
												
												
												
												
												
												
												
												
												
												
												
												
												
												
												
												
												
												
												
												
												
												
												
												
												
												
												
												
												
												
												
												
												
												
												
												
												
												
												
												
												
												
												
												
												
												
												
												
												
												
												
												
												
												
												
												
												
												
												
												
												
												
												
												
												
												
												
												
												
												
												
												
												
												
												
												
												
												
												
												
												
												
												
												
												
												
												
												
												
												
												
												
												
												
												
												
												
												
												
												
												
												
												
												
												
												
												
												
												
												
												
												
												
												
												
												
												
												
												
												
												
												
												
												
												
												
												
												
												
												
												
												
												
												
												
												
												
												
												
												
												
												
												
												
												
												
												
												
												
												
												
												
												
												
												
												
												
												
												
												
												
												
												
												
												
												
												
												
												
												
												
												
												
												
												
												
												
												
												
												
												
												
												
												
												
												
												
												
												
												
												
												
												
												
												
												
												
												
												
												
												
												
												
												
												
												
												
												
												
												
												
												
												
												
												
												
												
												
												
												
												
												
												
												
												
												
												
												
												
												
												
												
												
												
												
												
												
												
												
												
												
												
												
												
												
												
												
												
												
												
												
												
												
												
												
												
												
												
												
												
												
												
												
												
												
												
												
												
												
												
												
												
												
												
												
												
												
												
												
												
												
												
												
												
												
												
												
												
												
												
												
												
												
												
												
												
												
												
												
												
												
												
												
												
												
												
												
												
												
												
												
												
												
												
												
												
												
												
												
												
												
												
												
												
												
												
												
												
												
												
												
												
												
												
												
												
												
												
												
												
												
												
												
												
												
												
												
												
												
												
												
												
												
												
												
												
												
												
												
												
												
												
												
												
												
												
												
												
												
												
												
												
												
												
												
												
												
												
												
												
												
												
												
												
												
												
												
												
												
												
												
												
												
												
												
												
												
												
												
												
												
												
												
												
												
												
												
												
												
												
												
												
												
												
												
												
												
												
												
												
												
												
												
												
												
												
												
												
												
												
												
												
												
												
												
												
												
												
												
												
												
												
												
												
												
												
												
												
												
												
												
												
												
												
												
												
												
												
												
												
												
												
												
												
												
												
												
												
												
												
												
												
												
												
												
												
												
												
												
												
												
												
												
												
												
												
												
												
												
												
												
												
												
												
												
												
												
												
												
												
												
												
												
												
												
												
												
												
												
												
												
												
												
												
												
												
												
												
												
												
												
												
												
												
												
												
												
												
												
												
												
												
												
												
												
												
												
												
												
												
												
												
												
												
												
												
												
												
												
												
												
												
												
												
												
												
												
												
												
												
												
												
												
												
												
												
												
												
												
												
												
												
												
												
												
												
												
												
												
												
												
												
												
												
												
												
												
												
												
												
												
												
												
												
												
												
												
												
												
												
												
												
												
												
												
												
												
												
												
												
												
												
												
												
												
												
												
												
												
												
												
												
												
												
												
												
												
												
												
												
												
												
												
												
												
												
												
												
												
												
												
												
												
												
												
												
												
												
												
												
												
												
												
												
												
												
												
												
												
												
												
												
												
												
												
												
												
												
												
												
												
												
												
												
												
												
												
												
												
												
												
												
												
												
												
												
												
												
												
												
												
												
												
												
												
												
												
												
												
												
												
												
												
												
												
												
												
												
												
												
												
												
												
												
												
												
												
												
												
												
												
												
												
												
												
												
												
												
												
												
												
												
												
												
												
												
												
												
												
												
												
												
												
												
												
												
												
												
												
												
												
												
												
												
												
												
												
												
												
												
												
												
												
												
												
												
												
												
												
												
												
												
												
												
												
												
												
												
												
												
												
												
												
												
												
												
												
												
												
												
												
												
												
												
												
												
												
												
												
												
												
												
												
												
												
												
												
												
												
												
												
												
												
												
												
												
												
												
												
												
												
												
												
												
												
												
												
												
												
												
												
												
												
												
												
												
												
												
												
												
												
												
												
												
												
												
												
												
												
												
												
												
												
												
												
												
												
												
												
												
												
												
												
												
												
												
												
												
												
												
												
												
												
												
												
												
												
												
												
												
												
												
												
												
												
												
												
												
												
												
												
												
												
												
												
												
												
												
												
												
												
												
												
												
												
												
												
												
												
												
												
												
												
												
												
												
												
												
												
												
												
												
												
												
												
												
												
												
												
												
												
												
												
												
												
												
												
												
												
												
												
												
												
												
												
												
												
												
												
												
												
												
												
												
												
												
												
												
												
												
												
												
												
												
												
												
												
												
												
												
												
												
												
												
												
												
												
												
												
												
												
												
												
												
												
												
												
												
												
												
												
												
												
												
												
												
												
												
												
												
												
												
												
												
												
												
												
												
												
												
												
												
												
												
												
												
												
												
												
												
												
												
												
												
												
												
												
												
												
												
												
												
												
												
												
												
												
												
												
												
												
												
												
												
												
												
												
												
												
												
												
												
												
												
												
												
												
												
												
												
												
												
												
												
												
												
												
												
												
												
												
												
												
												
												
												
												
												
												
												
												
												
												
												
												
												
												
												
												
												
												
												
												
												
												
												
												
												
												
												
												
												
												
												
												
												
												
