EL ESTADIO DipoleDipole 4X21_1									
20									
11									
3									
"Type of measurement (0=app.resistivity,1=resistance)"									
1									
944									
2									
0									
4	320	0	280	0	200	0	240	0	0.00855854
4	360	0	320	0	200	0	240	0	0.00176046
4	400	0	360	0	200	0	240	0	5.40E-05
4	360	0	320	0	240	0	280	0	0.00552967
4	440	0	360	0	200	0	280	0	0.00388857
4	400	0	360	0	240	0	280	0	0.00314111
4	440	0	400	0	200	0	240	0	0.00166727
4	400	0	360	0	280	0	320	0	0.00472722
4	440	0	400	0	240	0	280	0	-0.000932178
4	480	0	440	0	200	0	240	0	-0.000626647
4	480	0	400	0	240	0	320	0	0.00248925
4	440	0	400	0	280	0	320	0	0.0014468
4	520	0	440	0	200	0	280	0	-0.00241555
4	480	0	440	0	240	0	280	0	0.00135236
4	520	0	480	0	200	0	240	0	0.000992906
4	440	0	400	0	320	0	360	0	-0.00731367
4	480	0	440	0	280	0	320	0	0.000581695
4	520	0	480	0	240	0	280	0	-0.00436693
4	560	0	440	0	200	0	320	0	0.000777136
4	560	0	520	0	200	0	240	0	9.34E-05
4	600	0	520	0	200	0	280	0	0.00361116
4	480	0	440	0	320	0	360	0	0.00299828
4	560	0	480	0	240	0	320	0	-0.00166982
4	520	0	480	0	280	0	320	0	0.000213115
4	600	0	560	0	200	0	240	0	-0.00012402
4	560	0	520	0	240	0	280	0	0.0019365
4	520	0	440	0	280	0	360	0	0.0064671
4	520	0	480	0	320	0	360	0	0.00291698
4	600	0	480	0	240	0	360	0	0.00035366
4	600	0	560	0	240	0	280	0	0.00192053
4	560	0	520	0	280	0	320	0	0.000523988
4	480	0	440	0	360	0	400	0	-0.00609413
4	460	0	440	0	400	0	420	0	0.0146194
4	560	0	480	0	320	0	400	0	0.00173004
4	680	0	600	0	200	0	280	0	0.000439928
4	520	0	480	0	360	0	400	0	0.00260869
4	600	0	520	0	280	0	360	0	-0.00198268
4	680	0	560	0	200	0	320	0	0.00249779
4	640	0	600	0	240	0	280	0	0.000716987
4	640	0	560	0	240	0	320	0	0.00302364
4	680	0	520	0	200	0	360	0	0.00231374
4	600	0	560	0	280	0	320	0	0.000148266
4	560	0	520	0	320	0	360	0	-0.00514282
4	480	0	460	0	400	0	420	0	0.00377279
4	480	0	460	0	420	0	440	0	0.0114108
4	500	0	480	0	400	0	420	0	0.00128337
4	640	0	600	0	280	0	320	0	0.000249345
4	500	0	480	0	420	0	440	0	0.00308993
4	560	0	520	0	360	0	400	0	0.00145715
4	640	0	520	0	280	0	400	0	-0.00470304
4	520	0	480	0	400	0	440	0	-0.00132561
4	600	0	560	0	320	0	360	0	0.00243238
4	520	0	500	0	400	0	420	0	0.000866865
4	520	0	500	0	420	0	440	0	0.00107188
4	500	0	480	0	440	0	460	0	0.0148624
4	540	0	520	0	400	0	420	0	0.000268793
4	640	0	600	0	320	0	360	0	-0.000122533
4	600	0	560	0	360	0	400	0	-0.00204961
4	540	0	520	0	420	0	440	0	0.000673247
4	680	0	640	0	280	0	320	0	-8.83E-06
4	720	0	560	0	240	0	400	0	0.00226169
4	760	0	680	0	200	0	280	0	-5.41E-05
4	720	0	600	0	240	0	360	0	-0.00111738
4	600	0	520	0	360	0	440	0	0.00238861
4	520	0	500	0	440	0	460	0	0.012548
4	560	0	520	0	400	0	440	0	0.00492405
4	680	0	600	0	280	0	360	0	0.000302691
4	640	0	560	0	320	0	400	0	-0.00184541
4	720	0	640	0	240	0	320	0	-0.000628878
4	560	0	540	0	400	0	420	0	0.00260981
4	520	0	500	0	460	0	480	0	0.00205629
4	560	0	540	0	420	0	440	0	0.000564991
4	540	0	520	0	440	0	460	0	0.00315788
4	580	0	560	0	400	0	420	0	-0.00173806
4	540	0	520	0	460	0	480	0	0.00729814
4	800	0	600	0	200	0	400	0	-0.00459636
4	580	0	560	0	420	0	440	0	0.000204377
4	680	0	560	0	320	0	440	0	0.000437061
4	800	0	680	0	200	0	320	0	-0.000801484
4	600	0	560	0	400	0	440	0	-0.00134611
4	560	0	520	0	440	0	480	0	0.00929609
4	640	0	600	0	360	0	400	0	-0.00185196
4	600	0	580	0	400	0	420	0	-0.000449937
4	560	0	540	0	440	0	460	0	2.13E-06
4	680	0	640	0	320	0	360	0	0.000214395
4	540	0	520	0	480	0	500	0	0.00854011
4	580	0	560	0	440	0	460	0	0.000966938
4	600	0	580	0	420	0	440	0	0.00103203
4	560	0	540	0	460	0	480	0	0.00234561
4	720	0	640	0	320	0	400	0	0.00200238
4	760	0	600	0	280	0	440	0	0.00216199
4	680	0	640	0	360	0	400	0	0.00215349
4	600	0	580	0	440	0	460	0	-0.0201433
4	560	0	540	0	480	0	500	0	0.00214486
4	620	0	600	0	420	0	440	0	-0.000479297
4	800	0	720	0	240	0	320	0	0.00228676
4	760	0	680	0	280	0	360	0	-0.0069695
4	640	0	600	0	400	0	440	0	0.0023618
4	840	0	760	0	200	0	280	0	-0.000288517
4	640	0	560	0	400	0	480	0	0.00500298
4	680	0	600	0	360	0	440	0	0.001341
4	760	0	640	0	280	0	400	0	-0.00484932
4	840	0	680	0	200	0	360	0	0.000417127
4	580	0	560	0	460	0	480	0	3.71E-06
4	720	0	680	0	320	0	360	0	-0.00142886
4	600	0	560	0	440	0	480	0	0.00276463
4	580	0	560	0	480	0	500	0	0.00100056
4	600	0	580	0	460	0	480	0	0.0195006
4	560	0	540	0	500	0	520	0	0.00119699
4	620	0	600	0	440	0	460	0	0.0141604
4	620	0	600	0	460	0	480	0	-0.0128923
4	720	0	600	0	360	0	480	0	0.00756733
4	720	0	680	0	360	0	400	0	0.00171359
4	640	0	600	0	440	0	480	0	0.00446218
4	580	0	560	0	500	0	520	0	0.0311213
4	840	0	640	0	240	0	440	0	0.00153908
4	640	0	620	0	440	0	460	0	-0.0216967
4	680	0	640	0	400	0	440	0	-0.00123224
4	600	0	560	0	480	0	520	0	0.0159995
4	840	0	720	0	240	0	360	0	0.00166805
4	600	0	580	0	480	0	500	0	0.00100809
4	640	0	620	0	460	0	480	0	0.0232771
4	620	0	600	0	480	0	500	0	-2.38E-05
4	600	0	580	0	500	0	520	0	-0.0109943
4	580	0	560	0	520	0	540	0	-0.0156409
4	800	0	680	0	320	0	440	0	0.00129579
4	760	0	720	0	360	0	400	0	-0.000931431
4	840	0	760	0	280	0	360	0	0.00699927
4	640	0	620	0	480	0	500	0	0.000116949
4	680	0	640	0	440	0	480	0	-0.000175698
4	720	0	680	0	400	0	440	0	0.000875121
4	800	0	640	0	320	0	480	0	0.00347472
4	920	0	800	0	200	0	320	0	-8.30E-05
4	800	0	720	0	320	0	400	0	-0.00512949
4	760	0	680	0	360	0	440	0	0.00778952
4	600	0	580	0	520	0	540	0	0.0147978
4	680	0	600	0	440	0	520	0	0.00382888
4	620	0	600	0	500	0	520	0	0.0152328
4	660	0	640	0	460	0	480	0	-0.0152663
4	880	0	800	0	240	0	320	0	-0.00223146
4	880	0	720	0	240	0	400	0	0.00273931
4	920	0	840	0	200	0	280	0	3.71E-05
4	640	0	600	0	480	0	520	0	-0.00805713
4	720	0	640	0	400	0	480	0	-0.000506418
4	600	0	580	0	540	0	560	0	0.0189051
4	660	0	640	0	480	0	500	0	0.000150613
4	640	0	620	0	500	0	520	0	-0.0405992
4	620	0	600	0	520	0	540	0	-0.0129641
4	720	0	680	0	440	0	480	0	-0.000555909
4	880	0	680	0	280	0	480	0	0.00153056
4	880	0	760	0	280	0	400	0	0.00979589
4	680	0	660	0	480	0	500	0	0.00012747
4	760	0	640	0	400	0	520	0	0.0766388
4	760	0	720	0	400	0	440	0	0.00608915
4	620	0	600	0	540	0	560	0	0.00150934
4	660	0	640	0	500	0	520	0	0.0241682
4	640	0	600	0	520	0	560	0	0.0140424
4	640	0	620	0	520	0	540	0	0.0367955
4	680	0	640	0	480	0	520	0	0.0104905
4	640	0	620	0	540	0	560	0	0.00140171
4	680	0	660	0	500	0	520	0	0.0125846
4	620	0	600	0	560	0	580	0	0.0147774
4	660	0	640	0	520	0	540	0	-0.0208518
4	800	0	760	0	400	0	440	0	-0.000965397
4	760	0	720	0	440	0	480	0	0.000959784
4	840	0	680	0	360	0	520	0	0.00955786
4	840	0	760	0	360	0	440	0	-0.00629637
4	920	0	840	0	280	0	360	0	7.70E-05
4	720	0	640	0	480	0	560	0	0.00392948
4	660	0	640	0	540	0	560	0	-0.00013196
4	700	0	680	0	500	0	520	0	0.00751537
4	1000	0	840	0	200	0	360	0	0.000202739
4	1000	0	920	0	200	0	280	0	2.57E-05
4	920	0	760	0	280	0	440	0	0.00124853
4	960	0	880	0	240	0	320	0	5.96E-05
4	800	0	720	0	400	0	480	0	0.00733826
4	640	0	620	0	560	0	580	0	0.00589316
4	680	0	640	0	520	0	560	0	-0.0142936
4	760	0	680	0	440	0	520	0	0.0119702
4	840	0	720	0	360	0	480	0	-0.00122242
4	1000	0	800	0	200	0	400	0	0.00681449
4	880	0	800	0	320	0	400	0	0.00747289
4	680	0	660	0	520	0	540	0	-0.0105572
4	720	0	680	0	480	0	520	0	0.0115378
4	960	0	840	0	240	0	360	0	0.000139398
4	680	0	660	0	540	0	560	0	-0.0123254
4	660	0	640	0	560	0	580	0	-0.000202927
4	640	0	620	0	580	0	600	0	0.0131092
4	700	0	680	0	520	0	540	0	-0.006618
4	700	0	680	0	540	0	560	0	0.00993775
4	920	0	800	0	320	0	440	0	0.000298749
4	680	0	660	0	560	0	580	0	0.00763115
4	720	0	680	0	520	0	560	0	-0.00635506
4	800	0	680	0	440	0	560	0	0.0134379
4	800	0	760	0	440	0	480	0	0.000378789
4	760	0	720	0	480	0	520	0	-0.000517759
4	660	0	640	0	580	0	600	0	0.00489741
4	920	0	720	0	320	0	520	0	0.00202017
4	720	0	700	0	520	0	540	0	-0.00071465
4	1040	0	920	0	200	0	320	0	6.22E-05
4	680	0	640	0	560	0	600	0	0.00825307
4	720	0	700	0	540	0	560	0	-0.0015277
4	660	0	640	0	600	0	620	0	0.0155798
4	700	0	680	0	560	0	580	0	-0.00695745
4	680	0	660	0	580	0	600	0	0.00289214
4	800	0	720	0	480	0	560	0	0.00508647
4	840	0	800	0	440	0	480	0	-0.00139972
4	840	0	760	0	440	0	520	0	0.000505335
4	740	0	720	0	540	0	560	0	0.00209159
4	1000	0	880	0	280	0	400	0	0.000142213
4	1040	0	960	0	240	0	320	0	2.41E-05
4	1040	0	840	0	240	0	440	0	0.00042855
4	880	0	720	0	400	0	560	0	0.00422368
4	800	0	760	0	480	0	520	0	3.85E-05
4	760	0	720	0	520	0	560	0	0.00578593
4	680	0	660	0	600	0	620	0	0.00476688
4	700	0	680	0	580	0	600	0	0.000750957
4	920	0	840	0	360	0	440	0	0.000122297
4	960	0	800	0	320	0	480	0	-0.000587615
4	960	0	880	0	320	0	400	0	7.67E-05
4	720	0	700	0	560	0	580	0	0.00125402
4	760	0	680	0	520	0	600	0	-0.00979542
4	880	0	800	0	400	0	480	0	-0.00841386
4	880	0	760	0	400	0	520	0	-0.00784647
4	1040	0	880	0	240	0	400	0	0.000215585
4	1000	0	920	0	280	0	360	0	5.31E-05
4	720	0	680	0	560	0	600	0	-0.00143202
4	740	0	720	0	560	0	580	0	-0.00114799
4	700	0	680	0	600	0	620	0	0.00014691
4	720	0	700	0	580	0	600	0	-0.000140663
4	680	0	660	0	620	0	640	0	0.0142868
4	840	0	720	0	480	0	600	0	0.00488124
4	800	0	760	0	520	0	560	0	0.00040695
4	720	0	680	0	600	0	640	0	0.0069639
4	760	0	740	0	560	0	580	0	-0.000283055
4	720	0	700	0	600	0	620	0	0.00131205
4	740	0	720	0	580	0	600	0	0.000516202
4	960	0	760	0	360	0	560	0	-0.00545654
4	1080	0	960	0	240	0	360	0	5.86E-05
4	840	0	800	0	480	0	520	0	0.00181971
4	960	0	840	0	360	0	480	0	0.000301554
4	700	0	680	0	620	0	640	0	0.00467163
4	760	0	720	0	560	0	600	0	-0.00600736
4	700	0	680	0	640	0	660	0	0.0277816
4	740	0	720	0	600	0	620	0	-0.000139315
4	760	0	740	0	580	0	600	0	-0.00466447
4	720	0	700	0	620	0	640	0	0.00101924
4	920	0	800	0	440	0	560	0	-0.000151658
4	800	0	720	0	560	0	640	0	-0.00476062
4	1160	0	1040	0	200	0	320	0	6.31E-05
4	720	0	700	0	640	0	660	0	0.00404948
4	760	0	720	0	600	0	640	0	0.00102924
4	1000	0	840	0	360	0	520	0	0.000508929
4	1080	0	1000	0	280	0	360	0	3.75E-05
4	1040	0	960	0	320	0	400	0	5.80E-05
4	880	0	800	0	480	0	560	0	0.00087249
4	840	0	760	0	520	0	600	0	0.0069883
4	920	0	840	0	440	0	520	0	0.000187642
4	760	0	740	0	600	0	620	0	0.0024987
4	780	0	760	0	580	0	600	0	0.00496822
4	1080	0	920	0	280	0	440	0	0.000253073
4	840	0	800	0	520	0	560	0	-0.00104017
4	800	0	760	0	560	0	600	0	-0.00263307
4	1160	0	1000	0	200	0	360	0	0.000114251
4	1040	0	920	0	320	0	440	0	0.000149034
4	740	0	720	0	620	0	640	0	0.000759805
4	880	0	840	0	480	0	520	0	0.000102447
4	920	0	760	0	440	0	600	0	0.00790573
4	960	0	880	0	400	0	480	0	0.000144914
4	1080	0	880	0	280	0	480	0	0.000438165
4	1000	0	920	0	360	0	440	0	7.75E-05
4	740	0	720	0	640	0	660	0	0.00315122
4	780	0	760	0	600	0	620	0	-0.00233596
4	720	0	700	0	660	0	680	0	0.0254225
4	760	0	740	0	620	0	640	0	-0.00183817
4	800	0	780	0	600	0	620	0	0.00465521
4	760	0	740	0	640	0	660	0	-0.00459736
4	1120	0	1000	0	280	0	400	0	8.36E-05
4	740	0	720	0	660	0	680	0	0.00280548
4	880	0	840	0	520	0	560	0	2.67E-05
4	1000	0	800	0	400	0	600	0	0.00101171
4	1200	0	1000	0	200	0	400	0	0.00016531
4	780	0	760	0	620	0	640	0	0.00230161
4	880	0	760	0	520	0	640	0	0.00703187
4	1000	0	880	0	400	0	520	0	0.000251802
4	800	0	760	0	600	0	640	0	0.000700943
4	760	0	720	0	640	0	680	0	0.00210228
4	840	0	800	0	560	0	600	0	0.00877942
4	780	0	760	0	640	0	660	0	0.00735635
4	800	0	780	0	620	0	640	0	-0.00422852
4	760	0	740	0	660	0	680	0	0.000522407
4	740	0	720	0	680	0	700	0	0.0151985
4	1120	0	960	0	320	0	480	0	0.000220868
4	1000	0	920	0	440	0	520	0	0.000158107
4	960	0	880	0	480	0	560	0	0.000146547
4	840	0	800	0	600	0	640	0	-0.0048681
4	1040	0	960	0	400	0	480	0	7.40E-05
4	840	0	760	0	600	0	680	0	-0.00124771
4	1080	0	1000	0	360	0	440	0	3.97E-05
4	880	0	800	0	560	0	640	0	0.00719587
4	960	0	840	0	480	0	600	0	0.000633701
4	1080	0	960	0	360	0	480	0	0.000143526
4	1040	0	880	0	400	0	560	0	0.000500176
4	780	0	760	0	660	0	680	0	5.55E-05
4	920	0	880	0	520	0	560	0	9.46E-05
4	920	0	840	0	520	0	600	0	0.000369466
4	800	0	760	0	640	0	680	0	-0.00257204
4	1120	0	1040	0	320	0	400	0	3.66E-05
4	1200	0	1080	0	240	0	360	0	5.45E-05
4	1120	0	920	0	320	0	520	0	0.000499097
4	1200	0	1040	0	240	0	400	0	0.000106127
4	960	0	800	0	480	0	640	0	0.00808291
4	880	0	840	0	560	0	600	0	0.00012629
4	800	0	780	0	640	0	660	0	-0.0110376
4	760	0	740	0	680	0	700	0	0.0120299
4	820	0	800	0	620	0	640	0	0.00464207
4	800	0	780	0	660	0	680	0	-0.00523707
4	760	0	740	0	700	0	720	0	0.021277
4	820	0	800	0	640	0	660	0	0.0119211
4	780	0	760	0	680	0	700	0	-0.00639904
4	1240	0	1040	0	240	0	440	0	0.000153953
4	780	0	760	0	700	0	720	0	0.00395663
4	1040	0	840	0	440	0	640	0	0.00147684
4	840	0	820	0	640	0	660	0	0.000114385
4	880	0	840	0	600	0	640	0	0.000175935
4	800	0	760	0	680	0	720	0	0.0146803
4	1040	0	920	0	440	0	560	0	0.000267165
4	800	0	780	0	680	0	700	0	0.0260012
4	820	0	800	0	660	0	680	0	0.00589705
4	1280	0	1160	0	200	0	320	0	2.76E-05
4	920	0	800	0	560	0	680	0	0.0185457
4	920	0	880	0	560	0	600	0	0.000144862
4	840	0	800	0	640	0	680	0	0.00677992
4	1160	0	1040	0	320	0	440	0	8.14E-05
4	840	0	820	0	660	0	680	0	0.000144646
4	780	0	760	0	720	0	740	0	0.0242933
4	800	0	780	0	700	0	720	0	0.00352479
4	820	0	800	0	680	0	700	0	-0.0216394
4	1160	0	1080	0	360	0	440	0	6.70E-05
4	1000	0	840	0	520	0	680	0	0.00178622
4	1120	0	1000	0	400	0	520	0	0.000170704
4	1000	0	920	0	520	0	600	0	0.000160389
4	1320	0	1160	0	200	0	360	0	4.53E-05
4	960	0	880	0	560	0	640	0	0.000455259
4	800	0	780	0	720	0	740	0	-0.00236087
4	880	0	800	0	640	0	720	0	-0.0021912
4	1160	0	1000	0	360	0	520	0	0.000233773
4	820	0	800	0	700	0	720	0	-0.000690952
4	1160	0	960	0	360	0	560	0	0.000363166
4	1240	0	1080	0	280	0	440	0	0.000128978
4	860	0	840	0	660	0	680	0	0.000111068
4	1080	0	1000	0	440	0	520	0	0.000130608
4	1080	0	920	0	440	0	600	0	0.000454853
4	1120	0	1040	0	400	0	480	0	5.68E-05
4	840	0	800	0	680	0	720	0	-0.00653628
4	920	0	840	0	600	0	680	0	0.000835255
4	1000	0	880	0	520	0	640	0	0.000676908
4	960	0	920	0	560	0	600	0	0.000125643
4	1240	0	1120	0	280	0	400	0	4.90E-05
4	1040	0	960	0	480	0	560	0	8.78E-05
4	840	0	820	0	680	0	700	0	0.000225068
4	880	0	840	0	640	0	680	0	0.00033448
4	920	0	880	0	600	0	640	0	0.000133312
4	840	0	820	0	700	0	720	0	0.000457828
4	820	0	800	0	720	0	740	0	0.00813992
4	800	0	780	0	740	0	760	0	0.0278419
4	860	0	840	0	680	0	700	0	0.000152143
4	820	0	800	0	740	0	760	0	0.000687624
4	860	0	840	0	700	0	720	0	0.000263925
4	1200	0	1080	0	360	0	480	0	8.68E-05
4	840	0	800	0	720	0	760	0	0.00499334
4	840	0	820	0	720	0	740	0	0.000694965
4	880	0	840	0	680	0	720	0	0.000747519
4	920	0	880	0	640	0	680	0	0.000207104
4	1280	0	1080	0	280	0	480	0	0.000181906
4	1320	0	1200	0	240	0	360	0	3.09E-05
4	1080	0	880	0	480	0	680	0	0.00148557
4	1080	0	960	0	480	0	600	0	0.000218095
4	880	0	860	0	680	0	700	0	8.46E-05
4	960	0	840	0	600	0	720	0	0.00248022
4	960	0	920	0	600	0	640	0	9.58E-05
4	840	0	820	0	740	0	760	0	0.00157436
4	880	0	860	0	700	0	720	0	0.000196812
4	820	0	800	0	760	0	780	0	0.024208
4	860	0	840	0	720	0	740	0	0.000366544
4	860	0	840	0	740	0	760	0	0.000707487
4	1280	0	1120	0	320	0	480	0	0.000116153
4	900	0	880	0	700	0	720	0	0.000163414
4	1200	0	1040	0	400	0	560	0	0.000166695
4	1200	0	1120	0	400	0	480	0	4.07E-05
4	1120	0	960	0	480	0	640	0	0.000435656
4	1160	0	1080	0	440	0	520	0	7.28E-06
4	1000	0	920	0	600	0	680	0	0.000373498
4	840	0	820	0	760	0	780	0	0.00371895
4	880	0	840	0	720	0	760	0	0.00175866
4	960	0	880	0	640	0	720	0	0.0010427
4	1400	0	1200	0	200	0	400	0	9.64E-05
4	1040	0	920	0	560	0	680	0	0.000645219
4	1200	0	1000	0	400	0	600	0	0.000399108
4	1080	0	1000	0	520	0	600	0	3.84E-05
4	1280	0	1160	0	320	0	440	0	4.66E-05
4	880	0	860	0	720	0	740	0	0.000257116
4	920	0	880	0	680	0	720	0	0.000429693
4	1160	0	1040	0	440	0	560	0	8.45E-05
4	1000	0	960	0	600	0	640	0	5.06E-05
4	960	0	920	0	640	0	680	0	0.000153308
4	1400	0	1280	0	200	0	320	0	2.46E-05
4	1360	0	1200	0	240	0	400	0	5.96E-05
4	1040	0	880	0	560	0	720	0	0.00197515
4	1040	0	960	0	560	0	640	0	0.000171784
4	1120	0	1040	0	480	0	560	0	2.74E-05
4	920	0	840	0	680	0	760	0	0.003853
4	860	0	840	0	760	0	780	0	0.00133434
4	840	0	820	0	780	0	800	0	0.0200564
4	900	0	880	0	720	0	740	0	0.000190787
4	880	0	860	0	740	0	760	0	0.000427222
4	1360	0	1240	0	280	0	400	0	3.90E-05
4	880	0	860	0	760	0	780	0	0.000719034
4	920	0	880	0	720	0	760	0	0.000849924
4	1000	0	880	0	640	0	760	0	0.0026714
4	1000	0	960	0	640	0	680	0	9.03E-05
4	920	0	900	0	720	0	740	0	0.000116231
4	960	0	920	0	680	0	720	0	0.000255076
4	860	0	840	0	780	0	800	0	0.00341587
4	1320	0	1120	0	320	0	520	0	0.000231116
4	1120	0	920	0	520	0	720	0	0.00149682
4	1240	0	1120	0	400	0	520	0	9.39E-05
4	880	0	840	0	760	0	800	0	0.00778904
4	900	0	880	0	740	0	760	0	0.000321684
4	1120	0	1000	0	520	0	640	0	0.000210873
4	860	0	840	0	800	0	820	0	0.0135905
4	900	0	880	0	760	0	780	0	0.000479908
4	880	0	860	0	780	0	800	0	0.00259747
4	920	0	900	0	740	0	760	0	0.000181167
4	1080	0	920	0	600	0	760	0	0.00191958
4	1000	0	960	0	680	0	720	0	0.00012255
4	960	0	920	0	720	0	760	0	0.000447285
4	1440	0	1240	0	240	0	440	0	5.06E-05
4	880	0	860	0	800	0	820	0	0.00495297
4	900	0	880	0	780	0	800	0	0.000955072
4	1120	0	1040	0	560	0	640	0	0.000151449
4	1400	0	1240	0	280	0	440	0	5.66E-05
4	1440	0	1320	0	240	0	360	0	3.02E-05
4	1160	0	1000	0	520	0	680	0	0.000446781
4	1160	0	1080	0	520	0	600	0	0.000102836
4	920	0	900	0	760	0	780	0	0.000257619
4	960	0	880	0	720	0	800	0	0.00433917
4	1080	0	1000	0	600	0	680	0	0.000182712
4	1080	0	960	0	600	0	720	0	0.000580462
4	1320	0	1200	0	360	0	480	0	5.49E-05
4	1240	0	1080	0	440	0	600	0	0.000194789
4	1200	0	1120	0	480	0	560	0	9.16E-06
4	920	0	880	0	760	0	800	0	0.00231734
4	1000	0	920	0	680	0	760	0	0.00100457
4	1040	0	1000	0	640	0	680	0	7.03E-05
4	1040	0	960	0	640	0	720	0	0.000356162
4	1320	0	1160	0	360	0	520	0	0.000167894
4	940	0	920	0	740	0	760	0	0.000132766
4	1200	0	1080	0	480	0	600	0	0.000141127
4	1240	0	1160	0	440	0	520	0	6.43E-05
4	1240	0	1040	0	440	0	640	0	0.000413301
4	1480	0	1320	0	200	0	360	0	1.73E-05
4	940	0	920	0	760	0	780	0	0.00017343
4	900	0	880	0	800	0	820	0	0.00205494
4	920	0	900	0	780	0	800	0	0.000667201
4	880	0	860	0	820	0	840	0	0.0145716
4	960	0	940	0	760	0	780	0	0.000145314
4	920	0	900	0	800	0	820	0	0.000776373
4	940	0	920	0	780	0	800	0	0.00032684
4	1360	0	1160	0	360	0	560	0	0.000132815
4	1160	0	960	0	560	0	760	0	0.00152239
4	1280	0	1160	0	440	0	560	0	4.98E-05
4	1040	0	1000	0	680	0	720	0	7.75E-05
4	1400	0	1280	0	320	0	440	0	3.06E-05
4	1160	0	1040	0	560	0	680	0	0.00030089
4	900	0	880	0	820	0	840	0	0.00528033
4	960	0	920	0	760	0	800	0	0.00073599
4	1040	0	920	0	680	0	800	0	0.00148722
4	1000	0	960	0	720	0	760	0	0.000195621
4	920	0	880	0	800	0	840	0	0.0103213
4	940	0	920	0	800	0	820	0	0.000422639
4	960	0	940	0	780	0	800	0	4.94E-05
4	920	0	900	0	820	0	840	0	0.00159667
4	900	0	880	0	840	0	860	0	0.0201313
4	1120	0	1040	0	640	0	720	0	0.000207804
4	960	0	940	0	800	0	820	0	0.000457105
4	980	0	960	0	780	0	800	0	0.000220099
4	1280	0	1120	0	480	0	640	0	0.000177927
4	1520	0	1360	0	240	0	400	0	3.39E-05
4	1040	0	1000	0	720	0	760	0	0.000140947
4	1000	0	960	0	760	0	800	0	-0.000603903
4	1360	0	1200	0	400	0	560	0	6.28E-05
4	1240	0	1120	0	520	0	640	0	0.000112826
4	940	0	920	0	820	0	840	0	0.000764729
4	1080	0	1040	0	680	0	720	0	4.16E-05
4	1120	0	960	0	640	0	800	0	0.000679445
4	1160	0	1080	0	600	0	680	0	0.000122698
4	1480	0	1280	0	280	0	480	0	7.74E-05
4	1480	0	1360	0	280	0	400	0	2.18E-05
4	1280	0	1080	0	480	0	680	0	0.000402097
4	1200	0	1120	0	560	0	640	0	0.000101358
4	1120	0	1000	0	640	0	760	0	0.000652365
4	1000	0	920	0	760	0	840	0	0.00394192
4	1360	0	1240	0	400	0	520	0	8.43E-05
4	920	0	900	0	840	0	860	0	0.00491591
4	960	0	920	0	800	0	840	0	0.00217019
4	1200	0	1040	0	560	0	720	0	0.000542242
4	1440	0	1280	0	320	0	480	0	3.74E-05
4	1280	0	1200	0	480	0	560	0	-3.61E-07
4	1240	0	1160	0	520	0	600	0	2.14E-05
4	1080	0	1000	0	680	0	760	0	0.000357993
4	1040	0	960	0	720	0	800	0	-4.21E-05
4	920	0	900	0	860	0	880	0	0.017489
4	960	0	940	0	820	0	840	0	0.000505464
4	940	0	920	0	840	0	860	0	0.00164588
4	980	0	960	0	800	0	820	0	5.34E-05
4	940	0	920	0	860	0	880	0	0.00418688
4	1080	0	1040	0	720	0	760	0	8.17E-05
4	1200	0	1000	0	600	0	800	0	0.00116129
4	1440	0	1320	0	360	0	480	0	1.46E-05
4	1600	0	1400	0	200	0	400	0	-0.000693693
4	1400	0	1200	0	400	0	600	0	0.000154348
4	980	0	960	0	820	0	840	0	0.000183038
4	1080	0	960	0	720	0	840	0	0.00203124
4	1200	0	1080	0	600	0	720	0	0.000293675
4	1000	0	960	0	800	0	840	0	0.00153547
4	960	0	920	0	840	0	880	0	0.00905939
4	1040	0	1000	0	760	0	800	0	0.00168722
4	1000	0	980	0	800	0	820	0	0.000581635
4	960	0	940	0	840	0	860	0	0.000789393
4	1320	0	1200	0	480	0	600	0	6.79E-05
4	1000	0	980	0	820	0	840	0	0.000612726
4	960	0	940	0	860	0	880	0	0.00188234
4	940	0	920	0	880	0	900	0	0.0170374
4	980	0	960	0	840	0	860	0	0.000361349
4	980	0	960	0	860	0	880	0	0.000498022
4	1120	0	1080	0	720	0	760	0	7.82E-05
4	1120	0	1040	0	720	0	800	0	0.000239725
4	1000	0	960	0	840	0	880	0	0.00162225
4	1520	0	1320	0	320	0	520	0	1.00E-05
4	1320	0	1240	0	520	0	600	0	-2.69E-05
4	1560	0	1400	0	280	0	440	0	3.32E-05
4	1400	0	1280	0	440	0	560	0	-1.48E-05
4	1320	0	1120	0	520	0	720	0	0.000332357
4	1400	0	1240	0	440	0	600	0	8.95E-05
4	1020	0	1000	0	820	0	840	0	-7.33E-05
4	1160	0	1000	0	680	0	840	0	0.00193573
4	1080	0	1040	0	760	0	800	0	0.000279331
4	1000	0	980	0	840	0	860	0	-0.0009224
4	960	0	940	0	880	0	900	0	0.00457822
4	1480	0	1320	0	360	0	520	0	4.32E-05
4	1520	0	1400	0	320	0	440	0	-8.86E-06
4	1320	0	1160	0	520	0	680	0	0.000117551
4	1200	0	1120	0	640	0	720	0	0.000118491
4	1160	0	1080	0	680	0	760	0	0.000245516
4	1240	0	1080	0	600	0	760	0	0.000543216
4	1040	0	1000	0	800	0	840	0	-0.0012569
4	1240	0	1160	0	600	0	680	0	7.16E-05
4	1040	0	960	0	800	0	880	0	0.00416393
4	1280	0	1200	0	560	0	640	0	6.65E-05
4	1080	0	1000	0	760	0	840	0	0.00097562
4	1160	0	1040	0	680	0	800	0	0.000110894
4	1280	0	1160	0	560	0	680	0	0.000151938
4	980	0	960	0	880	0	900	0	0.0011848
4	1000	0	980	0	860	0	880	0	0.00141461
4	960	0	940	0	900	0	920	0	0.0172407
4	1020	0	1000	0	840	0	860	0	0.000509324
4	1240	0	1120	0	640	0	760	0	0.000276551
4	1000	0	980	0	880	0	900	0	0.000302068
4	1020	0	1000	0	860	0	880	0	-0.000118321
4	1480	0	1360	0	400	0	520	0	4.33E-05
4	1120	0	1000	0	760	0	880	0	0.00256757
4	1120	0	1080	0	760	0	800	0	-0.000195175
4	1040	0	1000	0	840	0	880	0	0.000780221
4	1360	0	1240	0	520	0	640	0	3.46E-05
4	1440	0	1240	0	440	0	640	0	0.000177588
4	980	0	960	0	900	0	920	0	0.00312098
4	1240	0	1040	0	640	0	840	0	0.00147782
4	1040	0	1020	0	840	0	860	0	0.000507404
4	1080	0	1040	0	800	0	840	0	9.29E-06
4	1000	0	960	0	880	0	920	0	0.00600688
4	1040	0	1020	0	860	0	880	0	-0.000116527
4	980	0	960	0	920	0	940	0	0.0122224
4	1000	0	980	0	900	0	920	0	0.00152944
4	1020	0	1000	0	880	0	900	0	0.000499232
4	1060	0	1040	0	860	0	880	0	0.00103906
4	1280	0	1200	0	640	0	720	0	7.09E-05
4	1280	0	1120	0	640	0	800	0	3.16E-05
4	1320	0	1240	0	600	0	680	0	5.11E-05
4	1040	0	1000	0	880	0	920	0	0.00165923
4	1120	0	1040	0	800	0	880	0	0.00102891
4	1560	0	1440	0	360	0	480	0	3.71E-05
4	1200	0	1080	0	720	0	840	0	0.000562147
4	1160	0	1120	0	760	0	800	0	-0.00026007
4	1440	0	1320	0	480	0	600	0	5.26E-05
4	1240	0	1160	0	680	0	760	0	0.000116189
4	1040	0	1020	0	880	0	900	0	0.000494794
4	1080	0	1040	0	840	0	880	0	0.000261354
4	1120	0	1080	0	800	0	840	0	0.000431479
4	1360	0	1280	0	560	0	640	0	6.91E-05
4	1200	0	1040	0	720	0	880	0	0.00183024
4	1320	0	1200	0	600	0	720	0	0.000129373
4	1200	0	1120	0	720	0	800	0	-0.00124042
4	1520	0	1360	0	400	0	560	0	-1.18E-06
4	1160	0	1080	0	760	0	840	0	0.000376986
4	1600	0	1440	0	320	0	480	0	4.36E-05
4	1000	0	980	0	920	0	940	0	0.00301647
4	1080	0	1000	0	840	0	920	0	0.0032946
4	1360	0	1200	0	560	0	720	0	0.00022624
4	1560	0	1360	0	360	0	560	0	8.33E-06
4	1020	0	1000	0	900	0	920	0	0.000601996
4	1360	0	1160	0	560	0	760	0	0.000420857
4	1440	0	1280	0	480	0	640	0	0.000106562
4	1020	0	1000	0	920	0	940	0	0.00148598
4	1000	0	980	0	940	0	960	0	0.0226145
4	1060	0	1040	0	880	0	900	0	0.000143036
4	1040	0	1020	0	900	0	920	0	3.26E-05
4	1040	0	1020	0	920	0	940	0	0.00076595
4	1080	0	1040	0	880	0	920	0	0.000818732
4	1120	0	1080	0	840	0	880	0	0.000277702
4	1480	0	1280	0	480	0	680	0	0.000141375
4	1520	0	1400	0	440	0	560	0	8.63E-06
4	1280	0	1080	0	680	0	880	0	0.00162234
4	1280	0	1160	0	680	0	800	0	0.000165733
4	1080	0	1060	0	880	0	900	0	0.000128922
4	1160	0	1040	0	800	0	920	0	0.00327503
4	1160	0	1120	0	800	0	840	0	0.000402442
4	1020	0	1000	0	940	0	960	0	0.00389052
4	1060	0	1040	0	900	0	920	0	-0.000524545
4	1040	0	1000	0	920	0	960	0	0.0084445
4	1400	0	1280	0	560	0	680	0	0.000118885
4	1020	0	1000	0	960	0	980	0	0.0113238
4	1060	0	1040	0	920	0	940	0	-0.000298956
4	1040	0	1020	0	940	0	960	0	0.00187827
4	1080	0	1060	0	900	0	920	0	0.00109677
4	1400	0	1200	0	600	0	800	0	-0.00166343
4	1280	0	1200	0	720	0	800	0	0.00120749
4	1480	0	1360	0	520	0	640	0	2.74E-05
4	1600	0	1480	0	400	0	520	0	-1.21E-05
4	1080	0	1060	0	920	0	940	0	0.00112959
4	1120	0	1080	0	880	0	920	0	0.000445214
4	1360	0	1240	0	640	0	760	0	0.00013468
4	1200	0	1160	0	800	0	840	0	0.00100093
4	1160	0	1120	0	840	0	880	0	0.000154925
4	1560	0	1400	0	440	0	600	0	5.28E-05
4	1240	0	1080	0	760	0	920	0	0.00208993
4	1240	0	1160	0	760	0	840	0	0.00016918
4	1320	0	1240	0	680	0	760	0	7.11E-05
4	1120	0	1040	0	880	0	960	0	0.00400691
4	1060	0	1040	0	940	0	960	0	0.00201326
4	1480	0	1320	0	520	0	680	0	9.64E-05
4	1400	0	1240	0	600	0	760	0	0.000188172
4	1400	0	1320	0	600	0	680	0	2.90E-05
4	1320	0	1160	0	680	0	840	0	0.00049819
4	1360	0	1280	0	640	0	720	0	4.71E-05
4	1200	0	1120	0	800	0	880	0	0.00180359
4	1040	0	1020	0	960	0	980	0	0.00331083
4	1080	0	1040	0	920	0	960	0	0.00168113
4	1160	0	1080	0	840	0	920	0	0.00117009
4	1600	0	1400	0	400	0	600	0	3.11E-05
4	1240	0	1120	0	760	0	880	0	0.000625801
4	1080	0	1060	0	940	0	960	0	-0.00146933
4	1060	0	1040	0	960	0	980	0	0.00120107
4	1040	0	1020	0	980	0	1000	0	0.0130655
4	1520	0	1320	0	520	0	720	0	0.000200279
4	1320	0	1120	0	720	0	920	0	0.00150892
4	1440	0	1320	0	600	0	720	0	7.31E-05
4	1080	0	1040	0	960	0	1000	0	0.00621789
4	1320	0	1200	0	720	0	840	0	0.000375442
4	1560	0	1440	0	480	0	600	0	1.46E-05
4	1080	0	1060	0	960	0	980	0	0.000647803
4	1120	0	1080	0	920	0	960	0	0.00105159
4	1200	0	1080	0	840	0	960	0	0.00352514
4	1200	0	1160	0	840	0	880	0	0.000146596
4	1160	0	1120	0	880	0	920	0	0.000226085
4	1060	0	1040	0	980	0	1000	0	0.00188637
4	1060	0	1040	0	1000	0	1020	0	0.00914334
4	1080	0	1060	0	980	0	1000	0	0.00250585
4	1520	0	1400	0	560	0	680	0	9.93E-05
4	1440	0	1280	0	640	0	800	0	-0.00538082
4	1400	0	1320	0	680	0	760	0	4.73E-05
4	1120	0	1080	0	960	0	1000	0	0.00211526
4	1200	0	1120	0	880	0	960	0	0.00149194
4	1240	0	1200	0	840	0	880	0	-7.82E-06
4	1440	0	1360	0	640	0	720	0	3.62E-05
4	1240	0	1160	0	840	0	920	0	0.000369097
4	1520	0	1360	0	560	0	720	0	0.000146162
4	1140	0	1120	0	940	0	960	0	0.000478255
4	1400	0	1280	0	680	0	800	0	-0.00258792
4	1440	0	1240	0	640	0	840	0	0.000504842
4	1280	0	1120	0	800	0	960	0	0.00291229
4	1200	0	1160	0	880	0	920	0	0.000122361
4	1160	0	1120	0	920	0	960	0	0.00081302
4	1080	0	1060	0	1000	0	1020	0	0.00348509
4	1320	0	1240	0	760	0	840	0	0.000159239
4	1600	0	1440	0	480	0	640	0	4.46E-05
4	1360	0	1200	0	720	0	880	0	0.000466106
4	1360	0	1280	0	720	0	800	0	-0.00219438
4	1160	0	1080	0	920	0	1000	0	0.00426676
4	1280	0	1200	0	800	0	880	0	-0.000930866
4	1280	0	1160	0	800	0	920	0	0.000665584
4	1080	0	1060	0	1020	0	1040	0	0.00819158
4	1140	0	1120	0	960	0	980	0	0.000203091
4	1600	0	1480	0	520	0	640	0	6.24E-05
4	1360	0	1240	0	760	0	880	0	0.000229894
4	1160	0	1120	0	960	0	1000	0	0.000364091
4	1240	0	1120	0	880	0	1000	0	0.00261938
4	1200	0	1160	0	920	0	960	0	0.00023634
4	1120	0	1080	0	1000	0	1040	0	0.00731257
4	1160	0	1140	0	960	0	980	0	0.000122369
4	1140	0	1120	0	980	0	1000	0	0.000213972
4	1560	0	1360	0	560	0	760	0	0.000200936
4	1360	0	1160	0	760	0	960	0	0.00156534
4	1480	0	1360	0	640	0	760	0	7.04E-05
4	1240	0	1200	0	880	0	920	0	9.27E-05
4	1140	0	1120	0	1000	0	1020	0	0.000430837
4	1160	0	1140	0	980	0	1000	0	-0.000245985
4	1480	0	1280	0	680	0	880	0	9.01E-06
4	1400	0	1320	0	760	0	840	0	0.000202132
4	1320	0	1200	0	840	0	960	0	0.000580495
4	1200	0	1120	0	960	0	1040	0	0.0027917
4	1560	0	1440	0	600	0	720	0	3.85E-05
4	1160	0	1120	0	1000	0	1040	0	0.00177359
4	1400	0	1240	0	760	0	920	0	0.000450919
4	1160	0	1140	0	1000	0	1020	0	0.000257893
4	1480	0	1400	0	680	0	760	0	2.15E-05
4	1440	0	1360	0	720	0	800	0	-0.00289499
4	1280	0	1200	0	880	0	960	0	0.000424415
4	1240	0	1160	0	920	0	1000	0	0.000956968
4	1480	0	1320	0	680	0	840	0	0.000356199
4	1320	0	1240	0	840	0	920	0	0.000117886
4	1180	0	1160	0	980	0	1000	0	0.000201079
4	1240	0	1200	0	920	0	960	0	0.000162245
4	1200	0	1160	0	960	0	1000	0	0.000271507
4	1560	0	1400	0	600	0	760	0	9.23E-05
4	1440	0	1320	0	720	0	840	0	0.000234033
4	1140	0	1120	0	1020	0	1040	0	0.000510761
4	1280	0	1240	0	880	0	920	0	6.07E-05
4	1320	0	1160	0	840	0	1000	0	0.00185029
4	1360	0	1280	0	800	0	880	0	0.00237008
4	1140	0	1120	0	1040	0	1060	0	0.00256087
4	1180	0	1160	0	1000	0	1020	0	0.000159233
4	1160	0	1140	0	1020	0	1040	0	0.000512107
4	1200	0	1160	0	1000	0	1040	0	0.000595306
4	1160	0	1120	0	1040	0	1080	0	0.00674194
4	1240	0	1200	0	960	0	1000	0	0.000332692
4	1200	0	1180	0	1000	0	1020	0	0.0001787
4	1160	0	1140	0	1040	0	1060	0	-0.000380926
4	1520	0	1400	0	680	0	800	0	0.00454976
4	1140	0	1120	0	1060	0	1080	0	0.00280333
4	1280	0	1240	0	920	0	960	0	9.91E-05
4	1400	0	1200	0	800	0	1000	0	0.00396378
4	1600	0	1400	0	600	0	800	0	0.00457267
4	1180	0	1160	0	1020	0	1040	0	0.000145531
4	1280	0	1160	0	920	0	1040	0	0.00238478
4	1400	0	1280	0	800	0	920	0	0.00295949
4	1180	0	1160	0	1040	0	1060	0	0.00080582
4	1200	0	1180	0	1020	0	1040	0	0.000246579
4	1160	0	1140	0	1060	0	1080	0	0.00238304
4	1200	0	1180	0	1040	0	1060	0	-0.00016393
4	1520	0	1360	0	720	0	880	0	-0.000327164
4	1400	0	1320	0	840	0	920	0	-3.27E-05
4	1360	0	1280	0	880	0	960	0	0.000209597
4	1360	0	1240	0	880	0	1000	0	0.000576054
4	1440	0	1280	0	800	0	960	0	0.00606664
4	1240	0	1200	0	1000	0	1040	0	0.000292185
4	1440	0	1360	0	800	0	880	0	0.00215968
4	1240	0	1160	0	1000	0	1080	0	0.00299599
4	1480	0	1400	0	760	0	840	0	6.82E-05
4	1280	0	1200	0	960	0	1040	0	0.000962404
4	1480	0	1360	0	760	0	880	0	-0.000246296
4	1180	0	1160	0	1060	0	1080	0	5.00E-05
4	1320	0	1280	0	920	0	960	0	8.14E-05
4	1320	0	1240	0	920	0	1000	0	0.000428969
4	1200	0	1160	0	1040	0	1080	0	0.00148944
4	1520	0	1440	0	720	0	800	0	0.00730382
4	1600	0	1480	0	640	0	760	0	3.84E-05
4	1520	0	1320	0	720	0	920	0	-0.000282538
4	1600	0	1440	0	640	0	800	0	0.00692059
4	1360	0	1200	0	880	0	1040	0	0.00189126
4	1280	0	1240	0	960	0	1000	0	0.000268477
4	1200	0	1180	0	1060	0	1080	0	0.000674226
4	1240	0	1200	0	1040	0	1080	0	0.000628564
4	1560	0	1440	0	720	0	840	0	0.000118772
4	1440	0	1240	0	840	0	1040	0	0.00135426
4	1280	0	1240	0	1000	0	1040	0	6.60E-05
4	1200	0	1160	0	1080	0	1120	0	0.0117674
4	1440	0	1320	0	840	0	960	0	0.000124516
4	1320	0	1200	0	960	0	1080	0	0.00228231
4	1320	0	1280	0	960	0	1000	0	-8.64E-06
4	1180	0	1160	0	1120	0	1140	0	0.0227996
4	1280	0	1240	0	1040	0	1080	0	0.000193319
4	1320	0	1280	0	1000	0	1040	0	0.00020843
4	1560	0	1480	0	760	0	840	0	3.20E-05
4	1400	0	1240	0	920	0	1080	0	0.00174579
4	1520	0	1400	0	800	0	920	0	-0.0050118
4	1400	0	1320	0	920	0	1000	0	0.000547153
4	1360	0	1280	0	960	0	1040	0	0.00030737
4	1200	0	1180	0	1120	0	1140	0	0.00627071
4	1280	0	1200	0	1040	0	1120	0	0.00433708
4	1560	0	1400	0	760	0	920	0	0.000158022
4	1560	0	1360	0	760	0	960	0	-0.000376974
4	1480	0	1400	0	840	0	920	0	-0.00043806
4	1480	0	1320	0	840	0	1000	0	0.000565063
4	1520	0	1440	0	800	0	880	0	-0.00688263
4	1240	0	1200	0	1080	0	1120	0	0.00252159
4	1320	0	1240	0	1000	0	1080	0	0.000767718
4	1400	0	1280	0	920	0	1040	0	0.000695573
4	1360	0	1320	0	960	0	1000	0	-1.45E-05
4	1440	0	1360	0	880	0	960	0	0.000941428
4	1200	0	1180	0	1140	0	1160	0	0.0185286
4	1360	0	1240	0	1000	0	1120	0	0.00279267
4	1360	0	1320	0	1000	0	1040	0	0.000121471
4	1240	0	1200	0	1120	0	1160	0	0.011471
4	1600	0	1480	0	760	0	880	0	0.000426582
4	1280	0	1240	0	1080	0	1120	0	0.00100083
4	1320	0	1280	0	1040	0	1080	0	0.000219452
4	1480	0	1280	0	880	0	1080	0	0.00178013
4	1480	0	1360	0	880	0	1000	0	0.000972793
4	1520	0	1440	0	880	0	960	0	-0.00084543
4	1320	0	1240	0	1080	0	1160	0	0.00456494
4	1400	0	1320	0	1000	0	1080	0	1.45E-05
4	1600	0	1440	0	800	0	960	0	-0.00762966
4	1600	0	1520	0	800	0	880	0	0.000512568
4	1440	0	1320	0	960	0	1080	0	0.000571143
4	1520	0	1360	0	880	0	1040	0	0.00100523
4	1560	0	1480	0	840	0	920	0	0.000484468
4	1600	0	1400	0	800	0	1000	0	-0.00400335
4	1280	0	1240	0	1120	0	1160	0	0.00232131
4	1360	0	1280	0	1040	0	1120	0	0.00112041
4	1480	0	1400	0	920	0	1000	0	0.000562272
4	1320	0	1280	0	1080	0	1120	0	0.000483902
4	1560	0	1440	0	840	0	960	0	-0.000687082
4	1400	0	1360	0	1000	0	1040	0	-0.000248231
4	1360	0	1320	0	1040	0	1080	0	0.00011586
4	1440	0	1280	0	960	0	1120	0	0.00217358
4	1440	0	1360	0	960	0	1040	0	0.000273649
4	1520	0	1400	0	920	0	1040	0	0.000848561
4	1320	0	1280	0	1120	0	1160	0	0.000980886
4	1400	0	1280	0	1040	0	1160	0	0.00337169
4	1400	0	1360	0	1040	0	1080	0	2.48E-05
4	1360	0	1320	0	1080	0	1120	0	0.00020954
4	1520	0	1320	0	920	0	1120	0	0.00218975
4	1280	0	1240	0	1160	0	1200	0	0.00910232
4	1480	0	1320	0	1000	0	1160	0	0.00188431
4	1400	0	1360	0	1080	0	1120	0	0.000334053
4	1360	0	1320	0	1120	0	1160	0	0.000435392
4	1520	0	1440	0	960	0	1040	0	0.000652751
4	1560	0	1400	0	920	0	1080	0	0.000410829
4	1560	0	1480	0	920	0	1000	0	-0.000377004
4	1360	0	1280	0	1120	0	1200	0	0.00479722
4	1480	0	1400	0	1000	0	1080	0	0.000137483
4	1480	0	1360	0	1000	0	1120	0	0.000415693
4	1600	0	1520	0	880	0	960	0	-0.000895588
4	1320	0	1280	0	1160	0	1200	0	0.00260892
4	1400	0	1320	0	1080	0	1160	0	0.00130728
4	1440	0	1400	0	1040	0	1080	0	4.28E-05
4	1440	0	1360	0	1040	0	1120	0	0.000458302
4	1600	0	1480	0	880	0	1000	0	-0.000234764
4	1560	0	1360	0	960	0	1160	0	0.00110667
4	1440	0	1400	0	1080	0	1120	0	7.47E-05
4	1360	0	1320	0	1160	0	1200	0	0.000845332
4	1560	0	1440	0	960	0	1080	0	0.000967672
4	1440	0	1320	0	1080	0	1200	0	0.00158395
4	1400	0	1360	0	1120	0	1160	0	0.000372744
4	1320	0	1280	0	1200	0	1240	0	0.0110775
4	1480	0	1400	0	1080	0	1160	0	0.000419487
4	1440	0	1360	0	1120	0	1200	0	-8.39E-05
4	1520	0	1440	0	1040	0	1120	0	0.000211614
4	1440	0	1400	0	1120	0	1160	0	0.000119365
4	1400	0	1360	0	1160	0	1200	0	-7.44E-05
4	1480	0	1440	0	1080	0	1120	0	0.000104249
4	1520	0	1360	0	1040	0	1200	0	0.00210345
4	1560	0	1480	0	1000	0	1080	0	8.81E-05
4	1600	0	1520	0	960	0	1040	0	0.000502763
4	1520	0	1400	0	1040	0	1160	0	0.000639653
4	1400	0	1320	0	1160	0	1240	0	0.00381971
4	1360	0	1320	0	1200	0	1240	0	0.0024801
4	1600	0	1440	0	960	0	1120	0	0.000361699
4	1480	0	1440	0	1120	0	1160	0	0.000128174
4	1600	0	1400	0	1000	0	1200	0	-0.000683266
4	1480	0	1360	0	1120	0	1240	0	0.00367876
4	1600	0	1480	0	1000	0	1120	0	-0.000862888
4	1400	0	1360	0	1200	0	1240	0	0.000525542
4	1360	0	1320	0	1240	0	1280	0	0.00971044
4	1440	0	1400	0	1160	0	1200	0	-0.000490039
4	1440	0	1360	0	1200	0	1280	0	0.00434099
4	1480	0	1400	0	1160	0	1240	0	0.00301393
4	1520	0	1480	0	1120	0	1160	0	5.94E-05
4	1520	0	1440	0	1120	0	1200	0	0.00135801
4	1400	0	1360	0	1240	0	1280	0	0.0019313
4	1560	0	1400	0	1080	0	1240	0	0.00409909
4	1480	0	1440	0	1160	0	1200	0	0.00148831
4	1600	0	1520	0	1040	0	1120	0	-0.000988951
4	1560	0	1480	0	1080	0	1160	0	-0.0012275
4	1560	0	1440	0	1080	0	1200	0	0.000346736
4	1440	0	1400	0	1200	0	1240	0	0.000391404
4	1400	0	1360	0	1280	0	1320	0	0.00849871
4	1520	0	1400	0	1160	0	1280	0	0.00306176
4	1520	0	1480	0	1160	0	1200	0	-0.00019617
4	1440	0	1400	0	1240	0	1280	0	0.00144493
4	1480	0	1440	0	1200	0	1240	0	0.00163194
4	1480	0	1400	0	1240	0	1320	0	0.00179116
4	1440	0	1400	0	1280	0	1320	0	0.00163035
4	1520	0	1440	0	1200	0	1280	0	0.000438589
4	1600	0	1480	0	1120	0	1240	0	0.000669711
4	1560	0	1520	0	1160	0	1200	0	0.000304105
4	1480	0	1440	0	1240	0	1280	0	-0.00212886
4	1520	0	1480	0	1200	0	1240	0	0.00030101
4	1600	0	1440	0	1120	0	1280	0	0.00323268
4	1600	0	1520	0	1120	0	1200	0	-0.00119666
4	1560	0	1480	0	1160	0	1240	0	0.00163401
4	1440	0	1400	0	1320	0	1360	0	0.0070685
4	1480	0	1440	0	1280	0	1320	0	0.000727972
4	1520	0	1480	0	1240	0	1280	0	0.000252937
4	1560	0	1440	0	1200	0	1320	0	0.00426953
4	1560	0	1520	0	1200	0	1240	0	0.0012021
4	1480	0	1440	0	1320	0	1360	0	0.00166151
4	1560	0	1480	0	1240	0	1320	0	0.00126166
4	1520	0	1480	0	1280	0	1320	0	0.000478487
4	1600	0	1560	0	1200	0	1240	0	0.000525007
4	1560	0	1520	0	1240	0	1280	0	0.00020107
4	1520	0	1440	0	1280	0	1360	0	0.003371
4	1600	0	1520	0	1200	0	1280	0	0.00268121
4	1520	0	1480	0	1320	0	1360	0	0.000681019
4	1600	0	1480	0	1240	0	1360	0	0.00381765
4	1600	0	1560	0	1240	0	1280	0	0.000786198
4	1560	0	1520	0	1280	0	1320	0	0.00030145
4	1480	0	1440	0	1360	0	1400	0	0.00774604
4	1560	0	1480	0	1320	0	1400	0	0.00359553
4	1520	0	1480	0	1360	0	1400	0	0.00150794
4	1600	0	1520	0	1280	0	1360	0	0.00148749
4	1600	0	1560	0	1280	0	1320	0	0.000335099
4	1560	0	1520	0	1320	0	1360	0	0.000506142
4	1560	0	1520	0	1360	0	1400	0	0.000954957
4	1600	0	1560	0	1320	0	1360	0	0.000208297
4	1520	0	1480	0	1400	0	1440	0	0.00597395
4	1600	0	1520	0	1360	0	1440	0	0.00324039
4	1560	0	1520	0	1400	0	1440	0	0.00177416
4	1600	0	1560	0	1360	0	1400	0	0.000192989
4	1600	0	1560	0	1400	0	1440	0	0.000596339
4	1560	0	1520	0	1440	0	1480	0	0.00653209
4	1600	0	1560	0	1440	0	1480	0	0.00200185
4	1600	0	1560	0	1480	0	1520	0	0.00794541
0									
0									
0									
0									
0									
0									
0									
0									
