81												
# x y z												
0	0	0										
20	0	0										
40	0	0										
60	0	0										
80	0	0										
100	0	0										
120	0	0										
140	0	0										
160	0	0										
180	0	0										
200	0	0										
220	0	0										
240	0	0										
260	0	0										
280	0	0										
300	0	0										
320	0	0										
340	0	0										
360	0	0										
380	0	0										
400	0	0										
420	0	0										
440	0	0										
460	0	0										
480	0	0										
500	0	0										
520	0	0										
540	0	0										
560	0	0										
580	0	0										
600	0	0										
620	0	0										
640	0	0										
660	0	0										
680	0	0										
700	0	0										
720	0	0										
740	0	0										
760	0	0										
780	0	0										
800	0	0										
820	0	0										
840	0	0										
860	0	0										
880	0	0										
900	0	0										
920	0	0										
940	0	0										
960	0	0										
980	0	0										
1000	0	0										
1020	0	0										
1040	0	0										
1060	0	0										
1080	0	0										
1100	0	0										
1120	0	0										
1140	0	0										
1160	0	0										
1180	0	0										
1200	0	0										
1220	0	0										
1240	0	0										
1260	0	0										
1280	0	0										
1300	0	0										
1320	0	0										
1340	0	0										
1360	0	0										
1380	0	0										
1400	0	0										
1420	0	0										
1440	0	0										
1460	0	0										
1480	0	0										
1500	0	0										
1520	0	0										
1540	0	0										
1560	0	0										
1580	0	0										
1600	0	0										
944												
# a b m n err i ip iperr k r rhoa u valid 												
11	17	13	15	0.00E+00	0.00E+00	0.00E+00	0.00E+00	0.00E+00	8.56E-03	0.00E+00	0.00E+00	1
11	19	13	17	0.00E+00	0.00E+00	0.00E+00	0.00E+00	0.00E+00	1.76E-03	0.00E+00	0.00E+00	1
11	21	13	19	0.00E+00	0.00E+00	0.00E+00	0.00E+00	0.00E+00	5.40E-05	0.00E+00	0.00E+00	1
13	19	15	17	0.00E+00	0.00E+00	0.00E+00	0.00E+00	0.00E+00	5.53E-03	0.00E+00	0.00E+00	1
11	23	15	19	0.00E+00	0.00E+00	0.00E+00	0.00E+00	0.00E+00	3.89E-03	0.00E+00	0.00E+00	1
13	21	15	19	0.00E+00	0.00E+00	0.00E+00	0.00E+00	0.00E+00	3.14E-03	0.00E+00	0.00E+00	1
11	23	13	21	0.00E+00	0.00E+00	0.00E+00	0.00E+00	0.00E+00	1.67E-03	0.00E+00	0.00E+00	1
15	21	17	19	0.00E+00	0.00E+00	0.00E+00	0.00E+00	0.00E+00	4.73E-03	0.00E+00	0.00E+00	1
13	23	15	21	0.00E+00	0.00E+00	0.00E+00	0.00E+00	0.00E+00	-9.32E-04	0.00E+00	0.00E+00	1
11	25	13	23	0.00E+00	0.00E+00	0.00E+00	0.00E+00	0.00E+00	-6.27E-04	0.00E+00	0.00E+00	1
13	25	17	21	0.00E+00	0.00E+00	0.00E+00	0.00E+00	0.00E+00	2.49E-03	0.00E+00	0.00E+00	1
15	23	17	21	0.00E+00	0.00E+00	0.00E+00	0.00E+00	0.00E+00	1.45E-03	0.00E+00	0.00E+00	1
11	27	15	23	0.00E+00	0.00E+00	0.00E+00	0.00E+00	0.00E+00	-2.42E-03	0.00E+00	0.00E+00	1
13	25	15	23	0.00E+00	0.00E+00	0.00E+00	0.00E+00	0.00E+00	1.35E-03	0.00E+00	0.00E+00	1
11	27	13	25	0.00E+00	0.00E+00	0.00E+00	0.00E+00	0.00E+00	9.93E-04	0.00E+00	0.00E+00	1
17	23	19	21	0.00E+00	0.00E+00	0.00E+00	0.00E+00	0.00E+00	-7.31E-03	0.00E+00	0.00E+00	1
15	25	17	23	0.00E+00	0.00E+00	0.00E+00	0.00E+00	0.00E+00	5.82E-04	0.00E+00	0.00E+00	1
13	27	15	25	0.00E+00	0.00E+00	0.00E+00	0.00E+00	0.00E+00	-4.37E-03	0.00E+00	0.00E+00	1
11	29	17	23	0.00E+00	0.00E+00	0.00E+00	0.00E+00	0.00E+00	7.77E-04	0.00E+00	0.00E+00	1
11	29	13	27	0.00E+00	0.00E+00	0.00E+00	0.00E+00	0.00E+00	9.34E-05	0.00E+00	0.00E+00	1
11	31	15	27	0.00E+00	0.00E+00	0.00E+00	0.00E+00	0.00E+00	3.61E-03	0.00E+00	0.00E+00	1
17	25	19	23	0.00E+00	0.00E+00	0.00E+00	0.00E+00	0.00E+00	3.00E-03	0.00E+00	0.00E+00	1
13	29	17	25	0.00E+00	0.00E+00	0.00E+00	0.00E+00	0.00E+00	-1.67E-03	0.00E+00	0.00E+00	1
15	27	17	25	0.00E+00	0.00E+00	0.00E+00	0.00E+00	0.00E+00	2.13E-04	0.00E+00	0.00E+00	1
11	31	13	29	0.00E+00	0.00E+00	0.00E+00	0.00E+00	0.00E+00	-1.24E-04	0.00E+00	0.00E+00	1
13	29	15	27	0.00E+00	0.00E+00	0.00E+00	0.00E+00	0.00E+00	1.94E-03	0.00E+00	0.00E+00	1
15	27	19	23	0.00E+00	0.00E+00	0.00E+00	0.00E+00	0.00E+00	6.47E-03	0.00E+00	0.00E+00	1
17	27	19	25	0.00E+00	0.00E+00	0.00E+00	0.00E+00	0.00E+00	2.92E-03	0.00E+00	0.00E+00	1
13	31	19	25	0.00E+00	0.00E+00	0.00E+00	0.00E+00	0.00E+00	3.54E-04	0.00E+00	0.00E+00	1
13	31	15	29	0.00E+00	0.00E+00	0.00E+00	0.00E+00	0.00E+00	1.92E-03	0.00E+00	0.00E+00	1
15	29	17	27	0.00E+00	0.00E+00	0.00E+00	0.00E+00	0.00E+00	5.24E-04	0.00E+00	0.00E+00	1
19	25	21	23	0.00E+00	0.00E+00	0.00E+00	0.00E+00	0.00E+00	-6.09E-03	0.00E+00	0.00E+00	1
21	24	22	23	0.00E+00	0.00E+00	0.00E+00	0.00E+00	0.00E+00	1.46E-02	0.00E+00	0.00E+00	1
17	29	21	25	0.00E+00	0.00E+00	0.00E+00	0.00E+00	0.00E+00	1.73E-03	0.00E+00	0.00E+00	1
11	35	15	31	0.00E+00	0.00E+00	0.00E+00	0.00E+00	0.00E+00	4.40E-04	0.00E+00	0.00E+00	1
19	27	21	25	0.00E+00	0.00E+00	0.00E+00	0.00E+00	0.00E+00	2.61E-03	0.00E+00	0.00E+00	1
15	31	19	27	0.00E+00	0.00E+00	0.00E+00	0.00E+00	0.00E+00	-1.98E-03	0.00E+00	0.00E+00	1
11	35	17	29	0.00E+00	0.00E+00	0.00E+00	0.00E+00	0.00E+00	2.50E-03	0.00E+00	0.00E+00	1
13	33	15	31	0.00E+00	0.00E+00	0.00E+00	0.00E+00	0.00E+00	7.17E-04	0.00E+00	0.00E+00	1
13	33	17	29	0.00E+00	0.00E+00	0.00E+00	0.00E+00	0.00E+00	3.02E-03	0.00E+00	0.00E+00	1
11	35	19	27	0.00E+00	0.00E+00	0.00E+00	0.00E+00	0.00E+00	2.31E-03	0.00E+00	0.00E+00	1
15	31	17	29	0.00E+00	0.00E+00	0.00E+00	0.00E+00	0.00E+00	1.48E-04	0.00E+00	0.00E+00	1
17	29	19	27	0.00E+00	0.00E+00	0.00E+00	0.00E+00	0.00E+00	-5.14E-03	0.00E+00	0.00E+00	1
21	25	22	24	0.00E+00	0.00E+00	0.00E+00	0.00E+00	0.00E+00	3.77E-03	0.00E+00	0.00E+00	1
22	25	23	24	0.00E+00	0.00E+00	0.00E+00	0.00E+00	0.00E+00	1.14E-02	0.00E+00	0.00E+00	1
21	26	22	25	0.00E+00	0.00E+00	0.00E+00	0.00E+00	0.00E+00	1.28E-03	0.00E+00	0.00E+00	1
15	33	17	31	0.00E+00	0.00E+00	0.00E+00	0.00E+00	0.00E+00	2.49E-04	0.00E+00	0.00E+00	1
22	26	23	25	0.00E+00	0.00E+00	0.00E+00	0.00E+00	0.00E+00	3.09E-03	0.00E+00	0.00E+00	1
19	29	21	27	0.00E+00	0.00E+00	0.00E+00	0.00E+00	0.00E+00	1.46E-03	0.00E+00	0.00E+00	1
15	33	21	27	0.00E+00	0.00E+00	0.00E+00	0.00E+00	0.00E+00	-4.70E-03	0.00E+00	0.00E+00	1
21	27	23	25	0.00E+00	0.00E+00	0.00E+00	0.00E+00	0.00E+00	-1.33E-03	0.00E+00	0.00E+00	1
17	31	19	29	0.00E+00	0.00E+00	0.00E+00	0.00E+00	0.00E+00	2.43E-03	0.00E+00	0.00E+00	1
21	27	22	26	0.00E+00	0.00E+00	0.00E+00	0.00E+00	0.00E+00	8.67E-04	0.00E+00	0.00E+00	1
22	27	23	26	0.00E+00	0.00E+00	0.00E+00	0.00E+00	0.00E+00	1.07E-03	0.00E+00	0.00E+00	1
23	26	24	25	0.00E+00	0.00E+00	0.00E+00	0.00E+00	0.00E+00	1.49E-02	0.00E+00	0.00E+00	1
21	28	22	27	0.00E+00	0.00E+00	0.00E+00	0.00E+00	0.00E+00	2.69E-04	0.00E+00	0.00E+00	1
17	33	19	31	0.00E+00	0.00E+00	0.00E+00	0.00E+00	0.00E+00	-1.23E-04	0.00E+00	0.00E+00	1
19	31	21	29	0.00E+00	0.00E+00	0.00E+00	0.00E+00	0.00E+00	-2.05E-03	0.00E+00	0.00E+00	1
22	28	23	27	0.00E+00	0.00E+00	0.00E+00	0.00E+00	0.00E+00	6.73E-04	0.00E+00	0.00E+00	1
15	35	17	33	0.00E+00	0.00E+00	0.00E+00	0.00E+00	0.00E+00	-8.83E-06	0.00E+00	0.00E+00	1
13	37	21	29	0.00E+00	0.00E+00	0.00E+00	0.00E+00	0.00E+00	2.26E-03	0.00E+00	0.00E+00	1
11	39	15	35	0.00E+00	0.00E+00	0.00E+00	0.00E+00	0.00E+00	-5.41E-05	0.00E+00	0.00E+00	1
13	37	19	31	0.00E+00	0.00E+00	0.00E+00	0.00E+00	0.00E+00	-1.12E-03	0.00E+00	0.00E+00	1
19	31	23	27	0.00E+00	0.00E+00	0.00E+00	0.00E+00	0.00E+00	2.39E-03	0.00E+00	0.00E+00	1
23	27	24	26	0.00E+00	0.00E+00	0.00E+00	0.00E+00	0.00E+00	1.25E-02	0.00E+00	0.00E+00	1
21	29	23	27	0.00E+00	0.00E+00	0.00E+00	0.00E+00	0.00E+00	4.92E-03	0.00E+00	0.00E+00	1
15	35	19	31	0.00E+00	0.00E+00	0.00E+00	0.00E+00	0.00E+00	3.03E-04	0.00E+00	0.00E+00	1
17	33	21	29	0.00E+00	0.00E+00	0.00E+00	0.00E+00	0.00E+00	-1.85E-03	0.00E+00	0.00E+00	1
13	37	17	33	0.00E+00	0.00E+00	0.00E+00	0.00E+00	0.00E+00	-6.29E-04	0.00E+00	0.00E+00	1
21	29	22	28	0.00E+00	0.00E+00	0.00E+00	0.00E+00	0.00E+00	2.61E-03	0.00E+00	0.00E+00	1
24	27	25	26	0.00E+00	0.00E+00	0.00E+00	0.00E+00	0.00E+00	2.06E-03	0.00E+00	0.00E+00	1
22	29	23	28	0.00E+00	0.00E+00	0.00E+00	0.00E+00	0.00E+00	5.65E-04	0.00E+00	0.00E+00	1
23	28	24	27	0.00E+00	0.00E+00	0.00E+00	0.00E+00	0.00E+00	3.16E-03	0.00E+00	0.00E+00	1
21	30	22	29	0.00E+00	0.00E+00	0.00E+00	0.00E+00	0.00E+00	-1.74E-03	0.00E+00	0.00E+00	1
24	28	25	27	0.00E+00	0.00E+00	0.00E+00	0.00E+00	0.00E+00	7.30E-03	0.00E+00	0.00E+00	1
11	41	21	31	0.00E+00	0.00E+00	0.00E+00	0.00E+00	0.00E+00	-4.60E-03	0.00E+00	0.00E+00	1
22	30	23	29	0.00E+00	0.00E+00	0.00E+00	0.00E+00	0.00E+00	2.04E-04	0.00E+00	0.00E+00	1
17	35	23	29	0.00E+00	0.00E+00	0.00E+00	0.00E+00	0.00E+00	4.37E-04	0.00E+00	0.00E+00	1
11	41	17	35	0.00E+00	0.00E+00	0.00E+00	0.00E+00	0.00E+00	-8.01E-04	0.00E+00	0.00E+00	1
21	31	23	29	0.00E+00	0.00E+00	0.00E+00	0.00E+00	0.00E+00	-1.35E-03	0.00E+00	0.00E+00	1
23	29	25	27	0.00E+00	0.00E+00	0.00E+00	0.00E+00	0.00E+00	9.30E-03	0.00E+00	0.00E+00	1
19	33	21	31	0.00E+00	0.00E+00	0.00E+00	0.00E+00	0.00E+00	-1.85E-03	0.00E+00	0.00E+00	1
21	31	22	30	0.00E+00	0.00E+00	0.00E+00	0.00E+00	0.00E+00	-4.50E-04	0.00E+00	0.00E+00	1
23	29	24	28	0.00E+00	0.00E+00	0.00E+00	0.00E+00	0.00E+00	2.13E-06	0.00E+00	0.00E+00	1
17	35	19	33	0.00E+00	0.00E+00	0.00E+00	0.00E+00	0.00E+00	2.14E-04	0.00E+00	0.00E+00	1
25	28	26	27	0.00E+00	0.00E+00	0.00E+00	0.00E+00	0.00E+00	8.54E-03	0.00E+00	0.00E+00	1
23	30	24	29	0.00E+00	0.00E+00	0.00E+00	0.00E+00	0.00E+00	9.67E-04	0.00E+00	0.00E+00	1
22	31	23	30	0.00E+00	0.00E+00	0.00E+00	0.00E+00	0.00E+00	1.03E-03	0.00E+00	0.00E+00	1
24	29	25	28	0.00E+00	0.00E+00	0.00E+00	0.00E+00	0.00E+00	2.35E-03	0.00E+00	0.00E+00	1
17	37	21	33	0.00E+00	0.00E+00	0.00E+00	0.00E+00	0.00E+00	2.00E-03	0.00E+00	0.00E+00	1
15	39	23	31	0.00E+00	0.00E+00	0.00E+00	0.00E+00	0.00E+00	2.16E-03	0.00E+00	0.00E+00	1
19	35	21	33	0.00E+00	0.00E+00	0.00E+00	0.00E+00	0.00E+00	2.15E-03	0.00E+00	0.00E+00	1
23	31	24	30	0.00E+00	0.00E+00	0.00E+00	0.00E+00	0.00E+00	-2.01E-02	0.00E+00	0.00E+00	1
25	29	26	28	0.00E+00	0.00E+00	0.00E+00	0.00E+00	0.00E+00	2.14E-03	0.00E+00	0.00E+00	1
22	32	23	31	0.00E+00	0.00E+00	0.00E+00	0.00E+00	0.00E+00	-4.79E-04	0.00E+00	0.00E+00	1
13	41	17	37	0.00E+00	0.00E+00	0.00E+00	0.00E+00	0.00E+00	2.29E-03	0.00E+00	0.00E+00	1
15	39	19	35	0.00E+00	0.00E+00	0.00E+00	0.00E+00	0.00E+00	-6.97E-03	0.00E+00	0.00E+00	1
21	33	23	31	0.00E+00	0.00E+00	0.00E+00	0.00E+00	0.00E+00	2.36E-03	0.00E+00	0.00E+00	1
11	43	15	39	0.00E+00	0.00E+00	0.00E+00	0.00E+00	0.00E+00	-2.89E-04	0.00E+00	0.00E+00	1
21	33	25	29	0.00E+00	0.00E+00	0.00E+00	0.00E+00	0.00E+00	5.00E-03	0.00E+00	0.00E+00	1
19	35	23	31	0.00E+00	0.00E+00	0.00E+00	0.00E+00	0.00E+00	1.34E-03	0.00E+00	0.00E+00	1
15	39	21	33	0.00E+00	0.00E+00	0.00E+00	0.00E+00	0.00E+00	-4.85E-03	0.00E+00	0.00E+00	1
11	43	19	35	0.00E+00	0.00E+00	0.00E+00	0.00E+00	0.00E+00	4.17E-04	0.00E+00	0.00E+00	1
24	30	25	29	0.00E+00	0.00E+00	0.00E+00	0.00E+00	0.00E+00	3.71E-06	0.00E+00	0.00E+00	1
17	37	19	35	0.00E+00	0.00E+00	0.00E+00	0.00E+00	0.00E+00	-1.43E-03	0.00E+00	0.00E+00	1
23	31	25	29	0.00E+00	0.00E+00	0.00E+00	0.00E+00	0.00E+00	2.76E-03	0.00E+00	0.00E+00	1
25	30	26	29	0.00E+00	0.00E+00	0.00E+00	0.00E+00	0.00E+00	1.00E-03	0.00E+00	0.00E+00	1
24	31	25	30	0.00E+00	0.00E+00	0.00E+00	0.00E+00	0.00E+00	1.95E-02	0.00E+00	0.00E+00	1
26	29	27	28	0.00E+00	0.00E+00	0.00E+00	0.00E+00	0.00E+00	1.20E-03	0.00E+00	0.00E+00	1
23	32	24	31	0.00E+00	0.00E+00	0.00E+00	0.00E+00	0.00E+00	1.42E-02	0.00E+00	0.00E+00	1
24	32	25	31	0.00E+00	0.00E+00	0.00E+00	0.00E+00	0.00E+00	-1.29E-02	0.00E+00	0.00E+00	1
19	37	25	31	0.00E+00	0.00E+00	0.00E+00	0.00E+00	0.00E+00	7.57E-03	0.00E+00	0.00E+00	1
19	37	21	35	0.00E+00	0.00E+00	0.00E+00	0.00E+00	0.00E+00	1.71E-03	0.00E+00	0.00E+00	1
23	33	25	31	0.00E+00	0.00E+00	0.00E+00	0.00E+00	0.00E+00	4.46E-03	0.00E+00	0.00E+00	1
26	30	27	29	0.00E+00	0.00E+00	0.00E+00	0.00E+00	0.00E+00	3.11E-02	0.00E+00	0.00E+00	1
13	43	23	33	0.00E+00	0.00E+00	0.00E+00	0.00E+00	0.00E+00	1.54E-03	0.00E+00	0.00E+00	1
23	33	24	32	0.00E+00	0.00E+00	0.00E+00	0.00E+00	0.00E+00	-2.17E-02	0.00E+00	0.00E+00	1
21	35	23	33	0.00E+00	0.00E+00	0.00E+00	0.00E+00	0.00E+00	-1.23E-03	0.00E+00	0.00E+00	1
25	31	27	29	0.00E+00	0.00E+00	0.00E+00	0.00E+00	0.00E+00	1.60E-02	0.00E+00	0.00E+00	1
13	43	19	37	0.00E+00	0.00E+00	0.00E+00	0.00E+00	0.00E+00	1.67E-03	0.00E+00	0.00E+00	1
25	31	26	30	0.00E+00	0.00E+00	0.00E+00	0.00E+00	0.00E+00	1.01E-03	0.00E+00	0.00E+00	1
24	33	25	32	0.00E+00	0.00E+00	0.00E+00	0.00E+00	0.00E+00	2.33E-02	0.00E+00	0.00E+00	1
25	32	26	31	0.00E+00	0.00E+00	0.00E+00	0.00E+00	0.00E+00	-2.38E-05	0.00E+00	0.00E+00	1
26	31	27	30	0.00E+00	0.00E+00	0.00E+00	0.00E+00	0.00E+00	-1.10E-02	0.00E+00	0.00E+00	1
27	30	28	29	0.00E+00	0.00E+00	0.00E+00	0.00E+00	0.00E+00	-1.56E-02	0.00E+00	0.00E+00	1
17	41	23	35	0.00E+00	0.00E+00	0.00E+00	0.00E+00	0.00E+00	1.30E-03	0.00E+00	0.00E+00	1
19	39	21	37	0.00E+00	0.00E+00	0.00E+00	0.00E+00	0.00E+00	-9.31E-04	0.00E+00	0.00E+00	1
15	43	19	39	0.00E+00	0.00E+00	0.00E+00	0.00E+00	0.00E+00	7.00E-03	0.00E+00	0.00E+00	1
25	33	26	32	0.00E+00	0.00E+00	0.00E+00	0.00E+00	0.00E+00	1.17E-04	0.00E+00	0.00E+00	1
23	35	25	33	0.00E+00	0.00E+00	0.00E+00	0.00E+00	0.00E+00	-1.76E-04	0.00E+00	0.00E+00	1
21	37	23	35	0.00E+00	0.00E+00	0.00E+00	0.00E+00	0.00E+00	8.75E-04	0.00E+00	0.00E+00	1
17	41	25	33	0.00E+00	0.00E+00	0.00E+00	0.00E+00	0.00E+00	3.47E-03	0.00E+00	0.00E+00	1
11	47	17	41	0.00E+00	0.00E+00	0.00E+00	0.00E+00	0.00E+00	-8.30E-05	0.00E+00	0.00E+00	1
17	41	21	37	0.00E+00	0.00E+00	0.00E+00	0.00E+00	0.00E+00	-5.13E-03	0.00E+00	0.00E+00	1
19	39	23	35	0.00E+00	0.00E+00	0.00E+00	0.00E+00	0.00E+00	7.79E-03	0.00E+00	0.00E+00	1
27	31	28	30	0.00E+00	0.00E+00	0.00E+00	0.00E+00	0.00E+00	1.48E-02	0.00E+00	0.00E+00	1
23	35	27	31	0.00E+00	0.00E+00	0.00E+00	0.00E+00	0.00E+00	3.83E-03	0.00E+00	0.00E+00	1
26	32	27	31	0.00E+00	0.00E+00	0.00E+00	0.00E+00	0.00E+00	1.52E-02	0.00E+00	0.00E+00	1
24	34	25	33	0.00E+00	0.00E+00	0.00E+00	0.00E+00	0.00E+00	-1.53E-02	0.00E+00	0.00E+00	1
13	45	17	41	0.00E+00	0.00E+00	0.00E+00	0.00E+00	0.00E+00	-2.23E-03	0.00E+00	0.00E+00	1
13	45	21	37	0.00E+00	0.00E+00	0.00E+00	0.00E+00	0.00E+00	2.74E-03	0.00E+00	0.00E+00	1
11	47	15	43	0.00E+00	0.00E+00	0.00E+00	0.00E+00	0.00E+00	3.71E-05	0.00E+00	0.00E+00	1
25	33	27	31	0.00E+00	0.00E+00	0.00E+00	0.00E+00	0.00E+00	-8.06E-03	0.00E+00	0.00E+00	1
21	37	25	33	0.00E+00	0.00E+00	0.00E+00	0.00E+00	0.00E+00	-5.06E-04	0.00E+00	0.00E+00	1
28	31	29	30	0.00E+00	0.00E+00	0.00E+00	0.00E+00	0.00E+00	1.89E-02	0.00E+00	0.00E+00	1
25	34	26	33	0.00E+00	0.00E+00	0.00E+00	0.00E+00	0.00E+00	1.51E-04	0.00E+00	0.00E+00	1
26	33	27	32	0.00E+00	0.00E+00	0.00E+00	0.00E+00	0.00E+00	-4.06E-02	0.00E+00	0.00E+00	1
27	32	28	31	0.00E+00	0.00E+00	0.00E+00	0.00E+00	0.00E+00	-1.30E-02	0.00E+00	0.00E+00	1
23	37	25	35	0.00E+00	0.00E+00	0.00E+00	0.00E+00	0.00E+00	-5.56E-04	0.00E+00	0.00E+00	1
15	45	25	35	0.00E+00	0.00E+00	0.00E+00	0.00E+00	0.00E+00	1.53E-03	0.00E+00	0.00E+00	1
15	45	21	39	0.00E+00	0.00E+00	0.00E+00	0.00E+00	0.00E+00	9.80E-03	0.00E+00	0.00E+00	1
25	35	26	34	0.00E+00	0.00E+00	0.00E+00	0.00E+00	0.00E+00	1.27E-04	0.00E+00	0.00E+00	1
21	39	27	33	0.00E+00	0.00E+00	0.00E+00	0.00E+00	0.00E+00	7.66E-02	0.00E+00	0.00E+00	1
21	39	23	37	0.00E+00	0.00E+00	0.00E+00	0.00E+00	0.00E+00	6.09E-03	0.00E+00	0.00E+00	1
28	32	29	31	0.00E+00	0.00E+00	0.00E+00	0.00E+00	0.00E+00	1.51E-03	0.00E+00	0.00E+00	1
26	34	27	33	0.00E+00	0.00E+00	0.00E+00	0.00E+00	0.00E+00	2.42E-02	0.00E+00	0.00E+00	1
27	33	29	31	0.00E+00	0.00E+00	0.00E+00	0.00E+00	0.00E+00	1.40E-02	0.00E+00	0.00E+00	1
27	33	28	32	0.00E+00	0.00E+00	0.00E+00	0.00E+00	0.00E+00	3.68E-02	0.00E+00	0.00E+00	1
25	35	27	33	0.00E+00	0.00E+00	0.00E+00	0.00E+00	0.00E+00	1.05E-02	0.00E+00	0.00E+00	1
28	33	29	32	0.00E+00	0.00E+00	0.00E+00	0.00E+00	0.00E+00	1.40E-03	0.00E+00	0.00E+00	1
26	35	27	34	0.00E+00	0.00E+00	0.00E+00	0.00E+00	0.00E+00	1.26E-02	0.00E+00	0.00E+00	1
29	32	30	31	0.00E+00	0.00E+00	0.00E+00	0.00E+00	0.00E+00	1.48E-02	0.00E+00	0.00E+00	1
27	34	28	33	0.00E+00	0.00E+00	0.00E+00	0.00E+00	0.00E+00	-2.09E-02	0.00E+00	0.00E+00	1
21	41	23	39	0.00E+00	0.00E+00	0.00E+00	0.00E+00	0.00E+00	-9.65E-04	0.00E+00	0.00E+00	1
23	39	25	37	0.00E+00	0.00E+00	0.00E+00	0.00E+00	0.00E+00	9.60E-04	0.00E+00	0.00E+00	1
19	43	27	35	0.00E+00	0.00E+00	0.00E+00	0.00E+00	0.00E+00	9.56E-03	0.00E+00	0.00E+00	1
19	43	23	39	0.00E+00	0.00E+00	0.00E+00	0.00E+00	0.00E+00	-6.30E-03	0.00E+00	0.00E+00	1
15	47	19	43	0.00E+00	0.00E+00	0.00E+00	0.00E+00	0.00E+00	7.70E-05	0.00E+00	0.00E+00	1
25	37	29	33	0.00E+00	0.00E+00	0.00E+00	0.00E+00	0.00E+00	3.93E-03	0.00E+00	0.00E+00	1
28	34	29	33	0.00E+00	0.00E+00	0.00E+00	0.00E+00	0.00E+00	-1.32E-04	0.00E+00	0.00E+00	1
26	36	27	35	0.00E+00	0.00E+00	0.00E+00	0.00E+00	0.00E+00	7.52E-03	0.00E+00	0.00E+00	1
11	51	19	43	0.00E+00	0.00E+00	0.00E+00	0.00E+00	0.00E+00	2.03E-04	0.00E+00	0.00E+00	1
11	51	15	47	0.00E+00	0.00E+00	0.00E+00	0.00E+00	0.00E+00	2.57E-05	0.00E+00	0.00E+00	1
15	47	23	39	0.00E+00	0.00E+00	0.00E+00	0.00E+00	0.00E+00	1.25E-03	0.00E+00	0.00E+00	1
13	49	17	45	0.00E+00	0.00E+00	0.00E+00	0.00E+00	0.00E+00	5.96E-05	0.00E+00	0.00E+00	1
21	41	25	37	0.00E+00	0.00E+00	0.00E+00	0.00E+00	0.00E+00	7.34E-03	0.00E+00	0.00E+00	1
29	33	30	32	0.00E+00	0.00E+00	0.00E+00	0.00E+00	0.00E+00	5.89E-03	0.00E+00	0.00E+00	1
27	35	29	33	0.00E+00	0.00E+00	0.00E+00	0.00E+00	0.00E+00	-1.43E-02	0.00E+00	0.00E+00	1
23	39	27	35	0.00E+00	0.00E+00	0.00E+00	0.00E+00	0.00E+00	1.20E-02	0.00E+00	0.00E+00	1
19	43	25	37	0.00E+00	0.00E+00	0.00E+00	0.00E+00	0.00E+00	-1.22E-03	0.00E+00	0.00E+00	1
11	51	21	41	0.00E+00	0.00E+00	0.00E+00	0.00E+00	0.00E+00	6.81E-03	0.00E+00	0.00E+00	1
17	45	21	41	0.00E+00	0.00E+00	0.00E+00	0.00E+00	0.00E+00	7.47E-03	0.00E+00	0.00E+00	1
27	35	28	34	0.00E+00	0.00E+00	0.00E+00	0.00E+00	0.00E+00	-1.06E-02	0.00E+00	0.00E+00	1
25	37	27	35	0.00E+00	0.00E+00	0.00E+00	0.00E+00	0.00E+00	1.15E-02	0.00E+00	0.00E+00	1
13	49	19	43	0.00E+00	0.00E+00	0.00E+00	0.00E+00	0.00E+00	1.39E-04	0.00E+00	0.00E+00	1
28	35	29	34	0.00E+00	0.00E+00	0.00E+00	0.00E+00	0.00E+00	-1.23E-02	0.00E+00	0.00E+00	1
29	34	30	33	0.00E+00	0.00E+00	0.00E+00	0.00E+00	0.00E+00	-2.03E-04	0.00E+00	0.00E+00	1
30	33	31	32	0.00E+00	0.00E+00	0.00E+00	0.00E+00	0.00E+00	1.31E-02	0.00E+00	0.00E+00	1
27	36	28	35	0.00E+00	0.00E+00	0.00E+00	0.00E+00	0.00E+00	-6.62E-03	0.00E+00	0.00E+00	1
28	36	29	35	0.00E+00	0.00E+00	0.00E+00	0.00E+00	0.00E+00	9.94E-03	0.00E+00	0.00E+00	1
17	47	23	41	0.00E+00	0.00E+00	0.00E+00	0.00E+00	0.00E+00	2.99E-04	0.00E+00	0.00E+00	1
29	35	30	34	0.00E+00	0.00E+00	0.00E+00	0.00E+00	0.00E+00	7.63E-03	0.00E+00	0.00E+00	1
27	37	29	35	0.00E+00	0.00E+00	0.00E+00	0.00E+00	0.00E+00	-6.36E-03	0.00E+00	0.00E+00	1
23	41	29	35	0.00E+00	0.00E+00	0.00E+00	0.00E+00	0.00E+00	1.34E-02	0.00E+00	0.00E+00	1
23	41	25	39	0.00E+00	0.00E+00	0.00E+00	0.00E+00	0.00E+00	3.79E-04	0.00E+00	0.00E+00	1
25	39	27	37	0.00E+00	0.00E+00	0.00E+00	0.00E+00	0.00E+00	-5.18E-04	0.00E+00	0.00E+00	1
30	34	31	33	0.00E+00	0.00E+00	0.00E+00	0.00E+00	0.00E+00	4.90E-03	0.00E+00	0.00E+00	1
17	47	27	37	0.00E+00	0.00E+00	0.00E+00	0.00E+00	0.00E+00	2.02E-03	0.00E+00	0.00E+00	1
27	37	28	36	0.00E+00	0.00E+00	0.00E+00	0.00E+00	0.00E+00	-7.15E-04	0.00E+00	0.00E+00	1
11	53	17	47	0.00E+00	0.00E+00	0.00E+00	0.00E+00	0.00E+00	6.22E-05	0.00E+00	0.00E+00	1
29	35	31	33	0.00E+00	0.00E+00	0.00E+00	0.00E+00	0.00E+00	8.25E-03	0.00E+00	0.00E+00	1
28	37	29	36	0.00E+00	0.00E+00	0.00E+00	0.00E+00	0.00E+00	-1.53E-03	0.00E+00	0.00E+00	1
31	34	32	33	0.00E+00	0.00E+00	0.00E+00	0.00E+00	0.00E+00	1.56E-02	0.00E+00	0.00E+00	1
29	36	30	35	0.00E+00	0.00E+00	0.00E+00	0.00E+00	0.00E+00	-6.96E-03	0.00E+00	0.00E+00	1
30	35	31	34	0.00E+00	0.00E+00	0.00E+00	0.00E+00	0.00E+00	2.89E-03	0.00E+00	0.00E+00	1
25	41	29	37	0.00E+00	0.00E+00	0.00E+00	0.00E+00	0.00E+00	5.09E-03	0.00E+00	0.00E+00	1
23	43	25	41	0.00E+00	0.00E+00	0.00E+00	0.00E+00	0.00E+00	-1.40E-03	0.00E+00	0.00E+00	1
23	43	27	39	0.00E+00	0.00E+00	0.00E+00	0.00E+00	0.00E+00	5.05E-04	0.00E+00	0.00E+00	1
28	38	29	37	0.00E+00	0.00E+00	0.00E+00	0.00E+00	0.00E+00	2.09E-03	0.00E+00	0.00E+00	1
15	51	21	45	0.00E+00	0.00E+00	0.00E+00	0.00E+00	0.00E+00	1.42E-04	0.00E+00	0.00E+00	1
13	53	17	49	0.00E+00	0.00E+00	0.00E+00	0.00E+00	0.00E+00	2.41E-05	0.00E+00	0.00E+00	1
13	53	23	43	0.00E+00	0.00E+00	0.00E+00	0.00E+00	0.00E+00	4.29E-04	0.00E+00	0.00E+00	1
21	45	29	37	0.00E+00	0.00E+00	0.00E+00	0.00E+00	0.00E+00	4.22E-03	0.00E+00	0.00E+00	1
25	41	27	39	0.00E+00	0.00E+00	0.00E+00	0.00E+00	0.00E+00	3.85E-05	0.00E+00	0.00E+00	1
27	39	29	37	0.00E+00	0.00E+00	0.00E+00	0.00E+00	0.00E+00	5.79E-03	0.00E+00	0.00E+00	1
31	35	32	34	0.00E+00	0.00E+00	0.00E+00	0.00E+00	0.00E+00	4.77E-03	0.00E+00	0.00E+00	1
30	36	31	35	0.00E+00	0.00E+00	0.00E+00	0.00E+00	0.00E+00	7.51E-04	0.00E+00	0.00E+00	1
19	47	23	43	0.00E+00	0.00E+00	0.00E+00	0.00E+00	0.00E+00	1.22E-04	0.00E+00	0.00E+00	1
17	49	25	41	0.00E+00	0.00E+00	0.00E+00	0.00E+00	0.00E+00	-5.88E-04	0.00E+00	0.00E+00	1
17	49	21	45	0.00E+00	0.00E+00	0.00E+00	0.00E+00	0.00E+00	7.67E-05	0.00E+00	0.00E+00	1
29	37	30	36	0.00E+00	0.00E+00	0.00E+00	0.00E+00	0.00E+00	1.25E-03	0.00E+00	0.00E+00	1
27	39	31	35	0.00E+00	0.00E+00	0.00E+00	0.00E+00	0.00E+00	-9.80E-03	0.00E+00	0.00E+00	1
21	45	25	41	0.00E+00	0.00E+00	0.00E+00	0.00E+00	0.00E+00	-8.41E-03	0.00E+00	0.00E+00	1
21	45	27	39	0.00E+00	0.00E+00	0.00E+00	0.00E+00	0.00E+00	-7.85E-03	0.00E+00	0.00E+00	1
13	53	21	45	0.00E+00	0.00E+00	0.00E+00	0.00E+00	0.00E+00	2.16E-04	0.00E+00	0.00E+00	1
15	51	19	47	0.00E+00	0.00E+00	0.00E+00	0.00E+00	0.00E+00	0.0000531	0.00E+00	0.00E+00	1
29	37	31	35	0.00E+00	0.00E+00	0.00E+00	0.00E+00	0.00E+00	-0.00143202	0.00E+00	0.00E+00	1
29	38	30	37	0.00E+00	0.00E+00	0.00E+00	0.00E+00	0.00E+00	-0.00114799	0.00E+00	0.00E+00	1
31	36	32	35	0.00E+00	0.00E+00	0.00E+00	0.00E+00	0.00E+00	0.00014691	0.00E+00	0.00E+00	1
30	37	31	36	0.00E+00	0.00E+00	0.00E+00	0.00E+00	0.00E+00	-0.000140663	0.00E+00	0.00E+00	1
32	35	33	34	0.00E+00	0.00E+00	0.00E+00	0.00E+00	0.00E+00	0.0142868	0.00E+00	0.00E+00	1
25	43	31	37	0.00E+00	0.00E+00	0.00E+00	0.00E+00	0.00E+00	0.00488124	0.00E+00	0.00E+00	1
27	41	29	39	0.00E+00	0.00E+00	0.00E+00	0.00E+00	0.00E+00	0.00040695	0.00E+00	0.00E+00	1
31	37	33	35	0.00E+00	0.00E+00	0.00E+00	0.00E+00	0.00E+00	0.0069639	0.00E+00	0.00E+00	1
29	39	30	38	0.00E+00	0.00E+00	0.00E+00	0.00E+00	0.00E+00	-0.000283055	0.00E+00	0.00E+00	1
31	37	32	36	0.00E+00	0.00E+00	0.00E+00	0.00E+00	0.00E+00	0.00131205	0.00E+00	0.00E+00	1
30	38	31	37	0.00E+00	0.00E+00	0.00E+00	0.00E+00	0.00E+00	0.000516202	0.00E+00	0.00E+00	1
19	49	29	39	0.00E+00	0.00E+00	0.00E+00	0.00E+00	0.00E+00	-0.00545654	0.00E+00	0.00E+00	1
13	55	19	49	0.00E+00	0.00E+00	0.00E+00	0.00E+00	0.00E+00	0.0000586	0.00E+00	0.00E+00	1
25	43	27	41	0.00E+00	0.00E+00	0.00E+00	0.00E+00	0.00E+00	0.00181971	0.00E+00	0.00E+00	1
19	49	25	43	0.00E+00	0.00E+00	0.00E+00	0.00E+00	0.00E+00	0.000301554	0.00E+00	0.00E+00	1
32	36	33	35	0.00E+00	0.00E+00	0.00E+00	0.00E+00	0.00E+00	0.00467163	0.00E+00	0.00E+00	1
29	39	31	37	0.00E+00	0.00E+00	0.00E+00	0.00E+00	0.00E+00	-0.00600736	0.00E+00	0.00E+00	1
33	36	34	35	0.00E+00	0.00E+00	0.00E+00	0.00E+00	0.00E+00	0.0277816	0.00E+00	0.00E+00	1
31	38	32	37	0.00E+00	0.00E+00	0.00E+00	0.00E+00	0.00E+00	-0.000139315	0.00E+00	0.00E+00	1
30	39	31	38	0.00E+00	0.00E+00	0.00E+00	0.00E+00	0.00E+00	-0.00466447	0.00E+00	0.00E+00	1
32	37	33	36	0.00E+00	0.00E+00	0.00E+00	0.00E+00	0.00E+00	0.00101924	0.00E+00	0.00E+00	1
23	47	29	41	0.00E+00	0.00E+00	0.00E+00	0.00E+00	0.00E+00	-0.000151658	0.00E+00	0.00E+00	1
29	41	33	37	0.00E+00	0.00E+00	0.00E+00	0.00E+00	0.00E+00	-0.00476062	0.00E+00	0.00E+00	1
11	59	17	53	0.00E+00	0.00E+00	0.00E+00	0.00E+00	0.00E+00	0.0000631	0.00E+00	0.00E+00	1
33	37	34	36	0.00E+00	0.00E+00	0.00E+00	0.00E+00	0.00E+00	0.00404948	0.00E+00	0.00E+00	1
31	39	33	37	0.00E+00	0.00E+00	0.00E+00	0.00E+00	0.00E+00	0.00102924	0.00E+00	0.00E+00	1
19	51	27	43	0.00E+00	0.00E+00	0.00E+00	0.00E+00	0.00E+00	0.000508929	0.00E+00	0.00E+00	1
15	55	19	51	0.00E+00	0.00E+00	0.00E+00	0.00E+00	0.00E+00	0.0000375	0.00E+00	0.00E+00	1
17	53	21	49	0.00E+00	0.00E+00	0.00E+00	0.00E+00	0.00E+00	0.000058	0.00E+00	0.00E+00	1
25	45	29	41	0.00E+00	0.00E+00	0.00E+00	0.00E+00	0.00E+00	0.00087249	0.00E+00	0.00E+00	1
27	43	31	39	0.00E+00	0.00E+00	0.00E+00	0.00E+00	0.00E+00	0.0069883	0.00E+00	0.00E+00	1
23	47	27	43	0.00E+00	0.00E+00	0.00E+00	0.00E+00	0.00E+00	0.000187642	0.00E+00	0.00E+00	1
31	39	32	38	0.00E+00	0.00E+00	0.00E+00	0.00E+00	0.00E+00	0.0024987	0.00E+00	0.00E+00	1
30	40	31	39	0.00E+00	0.00E+00	0.00E+00	0.00E+00	0.00E+00	0.00496822	0.00E+00	0.00E+00	1
15	55	23	47	0.00E+00	0.00E+00	0.00E+00	0.00E+00	0.00E+00	0.000253073	0.00E+00	0.00E+00	1
27	43	29	41	0.00E+00	0.00E+00	0.00E+00	0.00E+00	0.00E+00	-0.00104017	0.00E+00	0.00E+00	1
29	41	31	39	0.00E+00	0.00E+00	0.00E+00	0.00E+00	0.00E+00	-0.00263307	0.00E+00	0.00E+00	1
11	59	19	51	0.00E+00	0.00E+00	0.00E+00	0.00E+00	0.00E+00	0.000114251	0.00E+00	0.00E+00	1
17	53	23	47	0.00E+00	0.00E+00	0.00E+00	0.00E+00	0.00E+00	0.000149034	0.00E+00	0.00E+00	1
32	38	33	37	0.00E+00	0.00E+00	0.00E+00	0.00E+00	0.00E+00	0.000759805	0.00E+00	0.00E+00	1
25	45	27	43	0.00E+00	0.00E+00	0.00E+00	0.00E+00	0.00E+00	0.000102447	0.00E+00	0.00E+00	1
23	47	31	39	0.00E+00	0.00E+00	0.00E+00	0.00E+00	0.00E+00	0.00790573	0.00E+00	0.00E+00	1
21	49	25	45	0.00E+00	0.00E+00	0.00E+00	0.00E+00	0.00E+00	0.000144914	0.00E+00	0.00E+00	1
15	55	25	45	0.00E+00	0.00E+00	0.00E+00	0.00E+00	0.00E+00	0.000438165	0.00E+00	0.00E+00	1
19	51	23	47	0.00E+00	0.00E+00	0.00E+00	0.00E+00	0.00E+00	0.0000775	0.00E+00	0.00E+00	1
33	38	34	37	0.00E+00	0.00E+00	0.00E+00	0.00E+00	0.00E+00	0.00315122	0.00E+00	0.00E+00	1
31	40	32	39	0.00E+00	0.00E+00	0.00E+00	0.00E+00	0.00E+00	-0.00233596	0.00E+00	0.00E+00	1
34	37	35	36	0.00E+00	0.00E+00	0.00E+00	0.00E+00	0.00E+00	0.0254225	0.00E+00	0.00E+00	1
32	39	33	38	0.00E+00	0.00E+00	0.00E+00	0.00E+00	0.00E+00	-0.00183817	0.00E+00	0.00E+00	1
31	41	32	40	0.00E+00	0.00E+00	0.00E+00	0.00E+00	0.00E+00	0.00465521	0.00E+00	0.00E+00	1
33	39	34	38	0.00E+00	0.00E+00	0.00E+00	0.00E+00	0.00E+00	-0.00459736	0.00E+00	0.00E+00	1
15	57	21	51	0.00E+00	0.00E+00	0.00E+00	0.00E+00	0.00E+00	0.0000836	0.00E+00	0.00E+00	1
34	38	35	37	0.00E+00	0.00E+00	0.00E+00	0.00E+00	0.00E+00	0.00280548	0.00E+00	0.00E+00	1
27	45	29	43	0.00E+00	0.00E+00	0.00E+00	0.00E+00	0.00E+00	0.0000267	0.00E+00	0.00E+00	1
21	51	31	41	0.00E+00	0.00E+00	0.00E+00	0.00E+00	0.00E+00	0.00101171	0.00E+00	0.00E+00	1
11	61	21	51	0.00E+00	0.00E+00	0.00E+00	0.00E+00	0.00E+00	0.00016531	0.00E+00	0.00E+00	1
32	40	33	39	0.00E+00	0.00E+00	0.00E+00	0.00E+00	0.00E+00	0.00230161	0.00E+00	0.00E+00	1
27	45	33	39	0.00E+00	0.00E+00	0.00E+00	0.00E+00	0.00E+00	0.00703187	0.00E+00	0.00E+00	1
21	51	27	45	0.00E+00	0.00E+00	0.00E+00	0.00E+00	0.00E+00	0.000251802	0.00E+00	0.00E+00	1
31	41	33	39	0.00E+00	0.00E+00	0.00E+00	0.00E+00	0.00E+00	0.000700943	0.00E+00	0.00E+00	1
33	39	35	37	0.00E+00	0.00E+00	0.00E+00	0.00E+00	0.00E+00	0.00210228	0.00E+00	0.00E+00	1
29	43	31	41	0.00E+00	0.00E+00	0.00E+00	0.00E+00	0.00E+00	0.00877942	0.00E+00	0.00E+00	1
33	40	34	39	0.00E+00	0.00E+00	0.00E+00	0.00E+00	0.00E+00	0.00735635	0.00E+00	0.00E+00	1
32	41	33	40	0.00E+00	0.00E+00	0.00E+00	0.00E+00	0.00E+00	-0.00422852	0.00E+00	0.00E+00	1
34	39	35	38	0.00E+00	0.00E+00	0.00E+00	0.00E+00	0.00E+00	0.000522407	0.00E+00	0.00E+00	1
35	38	36	37	0.00E+00	0.00E+00	0.00E+00	0.00E+00	0.00E+00	0.0151985	0.00E+00	0.00E+00	1
17	57	25	49	0.00E+00	0.00E+00	0.00E+00	0.00E+00	0.00E+00	0.000220868	0.00E+00	0.00E+00	1
23	51	27	47	0.00E+00	0.00E+00	0.00E+00	0.00E+00	0.00E+00	0.000158107	0.00E+00	0.00E+00	1
25	49	29	45	0.00E+00	0.00E+00	0.00E+00	0.00E+00	0.00E+00	0.000146547	0.00E+00	0.00E+00	1
31	43	33	41	0.00E+00	0.00E+00	0.00E+00	0.00E+00	0.00E+00	-0.0048681	0.00E+00	0.00E+00	1
21	53	25	49	0.00E+00	0.00E+00	0.00E+00	0.00E+00	0.00E+00	0.000074	0.00E+00	0.00E+00	1
31	43	35	39	0.00E+00	0.00E+00	0.00E+00	0.00E+00	0.00E+00	-0.00124771	0.00E+00	0.00E+00	1
19	55	23	51	0.00E+00	0.00E+00	0.00E+00	0.00E+00	0.00E+00	0.0000397	0.00E+00	0.00E+00	1
29	45	33	41	0.00E+00	0.00E+00	0.00E+00	0.00E+00	0.00E+00	0.00719587	0.00E+00	0.00E+00	1
25	49	31	43	0.00E+00	0.00E+00	0.00E+00	0.00E+00	0.00E+00	0.000633701	0.00E+00	0.00E+00	1
19	55	25	49	0.00E+00	0.00E+00	0.00E+00	0.00E+00	0.00E+00	0.000143526	0.00E+00	0.00E+00	1
21	53	29	45	0.00E+00	0.00E+00	0.00E+00	0.00E+00	0.00E+00	0.000500176	0.00E+00	0.00E+00	1
34	40	35	39	0.00E+00	0.00E+00	0.00E+00	0.00E+00	0.00E+00	0.0000555	0.00E+00	0.00E+00	1
27	47	29	45	0.00E+00	0.00E+00	0.00E+00	0.00E+00	0.00E+00	0.0000946	0.00E+00	0.00E+00	1
27	47	31	43	0.00E+00	0.00E+00	0.00E+00	0.00E+00	0.00E+00	0.000369466	0.00E+00	0.00E+00	1
33	41	35	39	0.00E+00	0.00E+00	0.00E+00	0.00E+00	0.00E+00	-0.00257204	0.00E+00	0.00E+00	1
17	57	21	53	0.00E+00	0.00E+00	0.00E+00	0.00E+00	0.00E+00	0.0000366	0.00E+00	0.00E+00	1
13	61	19	55	0.00E+00	0.00E+00	0.00E+00	0.00E+00	0.00E+00	0.0000545	0.00E+00	0.00E+00	1
17	57	27	47	0.00E+00	0.00E+00	0.00E+00	0.00E+00	0.00E+00	0.000499097	0.00E+00	0.00E+00	1
13	61	21	53	0.00E+00	0.00E+00	0.00E+00	0.00E+00	0.00E+00	0.000106127	0.00E+00	0.00E+00	1
25	49	33	41	0.00E+00	0.00E+00	0.00E+00	0.00E+00	0.00E+00	0.00808291	0.00E+00	0.00E+00	1
29	45	31	43	0.00E+00	0.00E+00	0.00E+00	0.00E+00	0.00E+00	0.00012629	0.00E+00	0.00E+00	1
33	41	34	40	0.00E+00	0.00E+00	0.00E+00	0.00E+00	0.00E+00	-0.0110376	0.00E+00	0.00E+00	1
35	39	36	38	0.00E+00	0.00E+00	0.00E+00	0.00E+00	0.00E+00	0.0120299	0.00E+00	0.00E+00	1
32	42	33	41	0.00E+00	0.00E+00	0.00E+00	0.00E+00	0.00E+00	0.00464207	0.00E+00	0.00E+00	1
34	41	35	40	0.00E+00	0.00E+00	0.00E+00	0.00E+00	0.00E+00	-0.00523707	0.00E+00	0.00E+00	1
36	39	37	38	0.00E+00	0.00E+00	0.00E+00	0.00E+00	0.00E+00	0.021277	0.00E+00	0.00E+00	1
33	42	34	41	0.00E+00	0.00E+00	0.00E+00	0.00E+00	0.00E+00	0.0119211	0.00E+00	0.00E+00	1
35	40	36	39	0.00E+00	0.00E+00	0.00E+00	0.00E+00	0.00E+00	-0.00639904	0.00E+00	0.00E+00	1
13	63	23	53	0.00E+00	0.00E+00	0.00E+00	0.00E+00	0.00E+00	0.000153953	0.00E+00	0.00E+00	1
36	40	37	39	0.00E+00	0.00E+00	0.00E+00	0.00E+00	0.00E+00	0.00395663	0.00E+00	0.00E+00	1
23	53	33	43	0.00E+00	0.00E+00	0.00E+00	0.00E+00	0.00E+00	0.00147684	0.00E+00	0.00E+00	1
33	43	34	42	0.00E+00	0.00E+00	0.00E+00	0.00E+00	0.00E+00	0.000114385	0.00E+00	0.00E+00	1
31	45	33	43	0.00E+00	0.00E+00	0.00E+00	0.00E+00	0.00E+00	0.000175935	0.00E+00	0.00E+00	1
35	41	37	39	0.00E+00	0.00E+00	0.00E+00	0.00E+00	0.00E+00	0.0146803	0.00E+00	0.00E+00	1
23	53	29	47	0.00E+00	0.00E+00	0.00E+00	0.00E+00	0.00E+00	0.000267165	0.00E+00	0.00E+00	1
35	41	36	40	0.00E+00	0.00E+00	0.00E+00	0.00E+00	0.00E+00	0.0260012	0.00E+00	0.00E+00	1
34	42	35	41	0.00E+00	0.00E+00	0.00E+00	0.00E+00	0.00E+00	0.00589705	0.00E+00	0.00E+00	1
11	65	17	59	0.00E+00	0.00E+00	0.00E+00	0.00E+00	0.00E+00	0.0000276	0.00E+00	0.00E+00	1
29	47	35	41	0.00E+00	0.00E+00	0.00E+00	0.00E+00	0.00E+00	0.0185457	0.00E+00	0.00E+00	1
29	47	31	45	0.00E+00	0.00E+00	0.00E+00	0.00E+00	0.00E+00	0.000144862	0.00E+00	0.00E+00	1
33	43	35	41	0.00E+00	0.00E+00	0.00E+00	0.00E+00	0.00E+00	0.00677992	0.00E+00	0.00E+00	1
17	59	23	53	0.00E+00	0.00E+00	0.00E+00	0.00E+00	0.00E+00	0.0000814	0.00E+00	0.00E+00	1
34	43	35	42	0.00E+00	0.00E+00	0.00E+00	0.00E+00	0.00E+00	0.000144646	0.00E+00	0.00E+00	1
37	40	38	39	0.00E+00	0.00E+00	0.00E+00	0.00E+00	0.00E+00	0.0242933	0.00E+00	0.00E+00	1
36	41	37	40	0.00E+00	0.00E+00	0.00E+00	0.00E+00	0.00E+00	0.00352479	0.00E+00	0.00E+00	1
35	42	36	41	0.00E+00	0.00E+00	0.00E+00	0.00E+00	0.00E+00	-0.0216394	0.00E+00	0.00E+00	1
19	59	23	55	0.00E+00	0.00E+00	0.00E+00	0.00E+00	0.00E+00	0.000067	0.00E+00	0.00E+00	1
27	51	35	43	0.00E+00	0.00E+00	0.00E+00	0.00E+00	0.00E+00	0.00178622	0.00E+00	0.00E+00	1
21	57	27	51	0.00E+00	0.00E+00	0.00E+00	0.00E+00	0.00E+00	0.000170704	0.00E+00	0.00E+00	1
27	51	31	47	0.00E+00	0.00E+00	0.00E+00	0.00E+00	0.00E+00	0.000160389	0.00E+00	0.00E+00	1
11	67	19	59	0.00E+00	0.00E+00	0.00E+00	0.00E+00	0.00E+00	0.0000453	0.00E+00	0.00E+00	1
29	49	33	45	0.00E+00	0.00E+00	0.00E+00	0.00E+00	0.00E+00	0.000455259	0.00E+00	0.00E+00	1
37	41	38	40	0.00E+00	0.00E+00	0.00E+00	0.00E+00	0.00E+00	-0.00236087	0.00E+00	0.00E+00	1
33	45	37	41	0.00E+00	0.00E+00	0.00E+00	0.00E+00	0.00E+00	-0.0021912	0.00E+00	0.00E+00	1
19	59	27	51	0.00E+00	0.00E+00	0.00E+00	0.00E+00	0.00E+00	0.000233773	0.00E+00	0.00E+00	1
36	42	37	41	0.00E+00	0.00E+00	0.00E+00	0.00E+00	0.00E+00	-0.000690952	0.00E+00	0.00E+00	1
19	59	29	49	0.00E+00	0.00E+00	0.00E+00	0.00E+00	0.00E+00	0.000363166	0.00E+00	0.00E+00	1
15	63	23	55	0.00E+00	0.00E+00	0.00E+00	0.00E+00	0.00E+00	0.000128978	0.00E+00	0.00E+00	1
34	44	35	43	0.00E+00	0.00E+00	0.00E+00	0.00E+00	0.00E+00	0.000111068	0.00E+00	0.00E+00	1
23	55	27	51	0.00E+00	0.00E+00	0.00E+00	0.00E+00	0.00E+00	0.000130608	0.00E+00	0.00E+00	1
23	55	31	47	0.00E+00	0.00E+00	0.00E+00	0.00E+00	0.00E+00	0.000454853	0.00E+00	0.00E+00	1
21	57	25	53	0.00E+00	0.00E+00	0.00E+00	0.00E+00	0.00E+00	0.0000568	0.00E+00	0.00E+00	1
35	43	37	41	0.00E+00	0.00E+00	0.00E+00	0.00E+00	0.00E+00	-0.00653628	0.00E+00	0.00E+00	1
31	47	35	43	0.00E+00	0.00E+00	0.00E+00	0.00E+00	0.00E+00	0.000835255	0.00E+00	0.00E+00	1
27	51	33	45	0.00E+00	0.00E+00	0.00E+00	0.00E+00	0.00E+00	0.000676908	0.00E+00	0.00E+00	1
29	49	31	47	0.00E+00	0.00E+00	0.00E+00	0.00E+00	0.00E+00	0.000125643	0.00E+00	0.00E+00	1
15	63	21	57	0.00E+00	0.00E+00	0.00E+00	0.00E+00	0.00E+00	0.000049	0.00E+00	0.00E+00	1
25	53	29	49	0.00E+00	0.00E+00	0.00E+00	0.00E+00	0.00E+00	0.0000878	0.00E+00	0.00E+00	1
35	43	36	42	0.00E+00	0.00E+00	0.00E+00	0.00E+00	0.00E+00	0.000225068	0.00E+00	0.00E+00	1
33	45	35	43	0.00E+00	0.00E+00	0.00E+00	0.00E+00	0.00E+00	0.00033448	0.00E+00	0.00E+00	1
31	47	33	45	0.00E+00	0.00E+00	0.00E+00	0.00E+00	0.00E+00	0.000133312	0.00E+00	0.00E+00	1
36	43	37	42	0.00E+00	0.00E+00	0.00E+00	0.00E+00	0.00E+00	0.000457828	0.00E+00	0.00E+00	1
37	42	38	41	0.00E+00	0.00E+00	0.00E+00	0.00E+00	0.00E+00	0.00813992	0.00E+00	0.00E+00	1
38	41	39	40	0.00E+00	0.00E+00	0.00E+00	0.00E+00	0.00E+00	0.0278419	0.00E+00	0.00E+00	1
35	44	36	43	0.00E+00	0.00E+00	0.00E+00	0.00E+00	0.00E+00	0.000152143	0.00E+00	0.00E+00	1
38	42	39	41	0.00E+00	0.00E+00	0.00E+00	0.00E+00	0.00E+00	0.000687624	0.00E+00	0.00E+00	1
36	44	37	43	0.00E+00	0.00E+00	0.00E+00	0.00E+00	0.00E+00	0.000263925	0.00E+00	0.00E+00	1
19	61	25	55	0.00E+00	0.00E+00	0.00E+00	0.00E+00	0.00E+00	0.0000868	0.00E+00	0.00E+00	1
37	43	39	41	0.00E+00	0.00E+00	0.00E+00	0.00E+00	0.00E+00	0.00499334	0.00E+00	0.00E+00	1
37	43	38	42	0.00E+00	0.00E+00	0.00E+00	0.00E+00	0.00E+00	0.000694965	0.00E+00	0.00E+00	1
35	45	37	43	0.00E+00	0.00E+00	0.00E+00	0.00E+00	0.00E+00	0.000747519	0.00E+00	0.00E+00	1
33	47	35	45	0.00E+00	0.00E+00	0.00E+00	0.00E+00	0.00E+00	0.000207104	0.00E+00	0.00E+00	1
15	65	25	55	0.00E+00	0.00E+00	0.00E+00	0.00E+00	0.00E+00	0.000181906	0.00E+00	0.00E+00	1
13	67	19	61	0.00E+00	0.00E+00	0.00E+00	0.00E+00	0.00E+00	0.0000309	0.00E+00	0.00E+00	1
25	55	35	45	0.00E+00	0.00E+00	0.00E+00	0.00E+00	0.00E+00	0.00148557	0.00E+00	0.00E+00	1
25	55	31	49	0.00E+00	0.00E+00	0.00E+00	0.00E+00	0.00E+00	0.000218095	0.00E+00	0.00E+00	1
35	45	36	44	0.00E+00	0.00E+00	0.00E+00	0.00E+00	0.00E+00	0.0000846	0.00E+00	0.00E+00	1
31	49	37	43	0.00E+00	0.00E+00	0.00E+00	0.00E+00	0.00E+00	0.00248022	0.00E+00	0.00E+00	1
31	49	33	47	0.00E+00	0.00E+00	0.00E+00	0.00E+00	0.00E+00	0.0000958	0.00E+00	0.00E+00	1
38	43	39	42	0.00E+00	0.00E+00	0.00E+00	0.00E+00	0.00E+00	0.00157436	0.00E+00	0.00E+00	1
36	45	37	44	0.00E+00	0.00E+00	0.00E+00	0.00E+00	0.00E+00	0.000196812	0.00E+00	0.00E+00	1
39	42	40	41	0.00E+00	0.00E+00	0.00E+00	0.00E+00	0.00E+00	0.024208	0.00E+00	0.00E+00	1
37	44	38	43	0.00E+00	0.00E+00	0.00E+00	0.00E+00	0.00E+00	0.000366544	0.00E+00	0.00E+00	1
38	44	39	43	0.00E+00	0.00E+00	0.00E+00	0.00E+00	0.00E+00	0.000707487	0.00E+00	0.00E+00	1
17	65	25	57	0.00E+00	0.00E+00	0.00E+00	0.00E+00	0.00E+00	0.000116153	0.00E+00	0.00E+00	1
36	46	37	45	0.00E+00	0.00E+00	0.00E+00	0.00E+00	0.00E+00	0.000163414	0.00E+00	0.00E+00	1
21	61	29	53	0.00E+00	0.00E+00	0.00E+00	0.00E+00	0.00E+00	0.000166695	0.00E+00	0.00E+00	1
21	61	25	57	0.00E+00	0.00E+00	0.00E+00	0.00E+00	0.00E+00	0.0000407	0.00E+00	0.00E+00	1
25	57	33	49	0.00E+00	0.00E+00	0.00E+00	0.00E+00	0.00E+00	0.000435656	0.00E+00	0.00E+00	1
23	59	27	55	0.00E+00	0.00E+00	0.00E+00	0.00E+00	0.00E+00	0.00000728	0.00E+00	0.00E+00	1
31	51	35	47	0.00E+00	0.00E+00	0.00E+00	0.00E+00	0.00E+00	0.000373498	0.00E+00	0.00E+00	1
39	43	40	42	0.00E+00	0.00E+00	0.00E+00	0.00E+00	0.00E+00	0.00371895	0.00E+00	0.00E+00	1
37	45	39	43	0.00E+00	0.00E+00	0.00E+00	0.00E+00	0.00E+00	0.00175866	0.00E+00	0.00E+00	1
33	49	37	45	0.00E+00	0.00E+00	0.00E+00	0.00E+00	0.00E+00	0.0010427	0.00E+00	0.00E+00	1
11	71	21	61	0.00E+00	0.00E+00	0.00E+00	0.00E+00	0.00E+00	0.0000964	0.00E+00	0.00E+00	1
29	53	35	47	0.00E+00	0.00E+00	0.00E+00	0.00E+00	0.00E+00	0.000645219	0.00E+00	0.00E+00	1
21	61	31	51	0.00E+00	0.00E+00	0.00E+00	0.00E+00	0.00E+00	0.000399108	0.00E+00	0.00E+00	1
27	55	31	51	0.00E+00	0.00E+00	0.00E+00	0.00E+00	0.00E+00	0.0000384	0.00E+00	0.00E+00	1
17	65	23	59	0.00E+00	0.00E+00	0.00E+00	0.00E+00	0.00E+00	0.0000466	0.00E+00	0.00E+00	1
37	45	38	44	0.00E+00	0.00E+00	0.00E+00	0.00E+00	0.00E+00	0.000257116	0.00E+00	0.00E+00	1
35	47	37	45	0.00E+00	0.00E+00	0.00E+00	0.00E+00	0.00E+00	0.000429693	0.00E+00	0.00E+00	1
23	59	29	53	0.00E+00	0.00E+00	0.00E+00	0.00E+00	0.00E+00	0.0000845	0.00E+00	0.00E+00	1
31	51	33	49	0.00E+00	0.00E+00	0.00E+00	0.00E+00	0.00E+00	0.0000506	0.00E+00	0.00E+00	1
33	49	35	47	0.00E+00	0.00E+00	0.00E+00	0.00E+00	0.00E+00	0.000153308	0.00E+00	0.00E+00	1
11	71	17	65	0.00E+00	0.00E+00	0.00E+00	0.00E+00	0.00E+00	0.0000246	0.00E+00	0.00E+00	1
13	69	21	61	0.00E+00	0.00E+00	0.00E+00	0.00E+00	0.00E+00	0.0000596	0.00E+00	0.00E+00	1
29	53	37	45	0.00E+00	0.00E+00	0.00E+00	0.00E+00	0.00E+00	0.00197515	0.00E+00	0.00E+00	1
29	53	33	49	0.00E+00	0.00E+00	0.00E+00	0.00E+00	0.00E+00	0.000171784	0.00E+00	0.00E+00	1
25	57	29	53	0.00E+00	0.00E+00	0.00E+00	0.00E+00	0.00E+00	0.0000274	0.00E+00	0.00E+00	1
35	47	39	43	0.00E+00	0.00E+00	0.00E+00	0.00E+00	0.00E+00	0.003853	0.00E+00	0.00E+00	1
39	44	40	43	0.00E+00	0.00E+00	0.00E+00	0.00E+00	0.00E+00	0.00133434	0.00E+00	0.00E+00	1
40	43	41	42	0.00E+00	0.00E+00	0.00E+00	0.00E+00	0.00E+00	0.0200564	0.00E+00	0.00E+00	1
37	46	38	45	0.00E+00	0.00E+00	0.00E+00	0.00E+00	0.00E+00	0.000190787	0.00E+00	0.00E+00	1
38	45	39	44	0.00E+00	0.00E+00	0.00E+00	0.00E+00	0.00E+00	0.000427222	0.00E+00	0.00E+00	1
15	69	21	63	0.00E+00	0.00E+00	0.00E+00	0.00E+00	0.00E+00	0.000039	0.00E+00	0.00E+00	1
39	45	40	44	0.00E+00	0.00E+00	0.00E+00	0.00E+00	0.00E+00	0.000719034	0.00E+00	0.00E+00	1
37	47	39	45	0.00E+00	0.00E+00	0.00E+00	0.00E+00	0.00E+00	0.000849924	0.00E+00	0.00E+00	1
33	51	39	45	0.00E+00	0.00E+00	0.00E+00	0.00E+00	0.00E+00	0.0026714	0.00E+00	0.00E+00	1
33	51	35	49	0.00E+00	0.00E+00	0.00E+00	0.00E+00	0.00E+00	0.0000903	0.00E+00	0.00E+00	1
37	47	38	46	0.00E+00	0.00E+00	0.00E+00	0.00E+00	0.00E+00	0.000116231	0.00E+00	0.00E+00	1
35	49	37	47	0.00E+00	0.00E+00	0.00E+00	0.00E+00	0.00E+00	0.000255076	0.00E+00	0.00E+00	1
40	44	41	43	0.00E+00	0.00E+00	0.00E+00	0.00E+00	0.00E+00	0.00341587	0.00E+00	0.00E+00	1
17	67	27	57	0.00E+00	0.00E+00	0.00E+00	0.00E+00	0.00E+00	0.000231116	0.00E+00	0.00E+00	1
27	57	37	47	0.00E+00	0.00E+00	0.00E+00	0.00E+00	0.00E+00	0.00149682	0.00E+00	0.00E+00	1
21	63	27	57	0.00E+00	0.00E+00	0.00E+00	0.00E+00	0.00E+00	0.0000939	0.00E+00	0.00E+00	1
39	45	41	43	0.00E+00	0.00E+00	0.00E+00	0.00E+00	0.00E+00	0.00778904	0.00E+00	0.00E+00	1
38	46	39	45	0.00E+00	0.00E+00	0.00E+00	0.00E+00	0.00E+00	0.000321684	0.00E+00	0.00E+00	1
27	57	33	51	0.00E+00	0.00E+00	0.00E+00	0.00E+00	0.00E+00	0.000210873	0.00E+00	0.00E+00	1
41	44	42	43	0.00E+00	0.00E+00	0.00E+00	0.00E+00	0.00E+00	0.0135905	0.00E+00	0.00E+00	1
39	46	40	45	0.00E+00	0.00E+00	0.00E+00	0.00E+00	0.00E+00	0.000479908	0.00E+00	0.00E+00	1
40	45	41	44	0.00E+00	0.00E+00	0.00E+00	0.00E+00	0.00E+00	0.00259747	0.00E+00	0.00E+00	1
38	47	39	46	0.00E+00	0.00E+00	0.00E+00	0.00E+00	0.00E+00	0.000181167	0.00E+00	0.00E+00	1
31	55	39	47	0.00E+00	0.00E+00	0.00E+00	0.00E+00	0.00E+00	0.00191958	0.00E+00	0.00E+00	1
35	51	37	49	0.00E+00	0.00E+00	0.00E+00	0.00E+00	0.00E+00	0.00012255	0.00E+00	0.00E+00	1
37	49	39	47	0.00E+00	0.00E+00	0.00E+00	0.00E+00	0.00E+00	0.000447285	0.00E+00	0.00E+00	1
13	73	23	63	0.00E+00	0.00E+00	0.00E+00	0.00E+00	0.00E+00	0.0000506	0.00E+00	0.00E+00	1
41	45	42	44	0.00E+00	0.00E+00	0.00E+00	0.00E+00	0.00E+00	0.00495297	0.00E+00	0.00E+00	1
40	46	41	45	0.00E+00	0.00E+00	0.00E+00	0.00E+00	0.00E+00	0.000955072	0.00E+00	0.00E+00	1
29	57	33	53	0.00E+00	0.00E+00	0.00E+00	0.00E+00	0.00E+00	0.000151449	0.00E+00	0.00E+00	1
15	71	23	63	0.00E+00	0.00E+00	0.00E+00	0.00E+00	0.00E+00	0.0000566	0.00E+00	0.00E+00	1
13	73	19	67	0.00E+00	0.00E+00	0.00E+00	0.00E+00	0.00E+00	0.0000302	0.00E+00	0.00E+00	1
27	59	35	51	0.00E+00	0.00E+00	0.00E+00	0.00E+00	0.00E+00	0.000446781	0.00E+00	0.00E+00	1
27	59	31	55	0.00E+00	0.00E+00	0.00E+00	0.00E+00	0.00E+00	0.000102836	0.00E+00	0.00E+00	1
39	47	40	46	0.00E+00	0.00E+00	0.00E+00	0.00E+00	0.00E+00	0.000257619	0.00E+00	0.00E+00	1
37	49	41	45	0.00E+00	0.00E+00	0.00E+00	0.00E+00	0.00E+00	0.00433917	0.00E+00	0.00E+00	1
31	55	35	51	0.00E+00	0.00E+00	0.00E+00	0.00E+00	0.00E+00	0.000182712	0.00E+00	0.00E+00	1
31	55	37	49	0.00E+00	0.00E+00	0.00E+00	0.00E+00	0.00E+00	0.000580462	0.00E+00	0.00E+00	1
19	67	25	61	0.00E+00	0.00E+00	0.00E+00	0.00E+00	0.00E+00	0.0000549	0.00E+00	0.00E+00	1
23	63	31	55	0.00E+00	0.00E+00	0.00E+00	0.00E+00	0.00E+00	0.000194789	0.00E+00	0.00E+00	1
25	61	29	57	0.00E+00	0.00E+00	0.00E+00	0.00E+00	0.00E+00	0.00000916	0.00E+00	0.00E+00	1
39	47	41	45	0.00E+00	0.00E+00	0.00E+00	0.00E+00	0.00E+00	0.00231734	0.00E+00	0.00E+00	1
35	51	39	47	0.00E+00	0.00E+00	0.00E+00	0.00E+00	0.00E+00	0.00100457	0.00E+00	0.00E+00	1
33	53	35	51	0.00E+00	0.00E+00	0.00E+00	0.00E+00	0.00E+00	0.0000703	0.00E+00	0.00E+00	1
33	53	37	49	0.00E+00	0.00E+00	0.00E+00	0.00E+00	0.00E+00	0.000356162	0.00E+00	0.00E+00	1
19	67	27	59	0.00E+00	0.00E+00	0.00E+00	0.00E+00	0.00E+00	0.000167894	0.00E+00	0.00E+00	1
38	48	39	47	0.00E+00	0.00E+00	0.00E+00	0.00E+00	0.00E+00	0.000132766	0.00E+00	0.00E+00	1
25	61	31	55	0.00E+00	0.00E+00	0.00E+00	0.00E+00	0.00E+00	0.000141127	0.00E+00	0.00E+00	1
23	63	27	59	0.00E+00	0.00E+00	0.00E+00	0.00E+00	0.00E+00	0.0000643	0.00E+00	0.00E+00	1
23	63	33	53	0.00E+00	0.00E+00	0.00E+00	0.00E+00	0.00E+00	0.000413301	0.00E+00	0.00E+00	1
11	75	19	67	0.00E+00	0.00E+00	0.00E+00	0.00E+00	0.00E+00	0.0000173	0.00E+00	0.00E+00	1
39	48	40	47	0.00E+00	0.00E+00	0.00E+00	0.00E+00	0.00E+00	0.00017343	0.00E+00	0.00E+00	1
41	46	42	45	0.00E+00	0.00E+00	0.00E+00	0.00E+00	0.00E+00	0.00205494	0.00E+00	0.00E+00	1
40	47	41	46	0.00E+00	0.00E+00	0.00E+00	0.00E+00	0.00E+00	0.000667201	0.00E+00	0.00E+00	1
42	45	43	44	0.00E+00	0.00E+00	0.00E+00	0.00E+00	0.00E+00	0.0145716	0.00E+00	0.00E+00	1
39	49	40	48	0.00E+00	0.00E+00	0.00E+00	0.00E+00	0.00E+00	0.000145314	0.00E+00	0.00E+00	1
41	47	42	46	0.00E+00	0.00E+00	0.00E+00	0.00E+00	0.00E+00	0.000776373	0.00E+00	0.00E+00	1
40	48	41	47	0.00E+00	0.00E+00	0.00E+00	0.00E+00	0.00E+00	0.00032684	0.00E+00	0.00E+00	1
19	69	29	59	0.00E+00	0.00E+00	0.00E+00	0.00E+00	0.00E+00	0.000132815	0.00E+00	0.00E+00	1
29	59	39	49	0.00E+00	0.00E+00	0.00E+00	0.00E+00	0.00E+00	0.00152239	0.00E+00	0.00E+00	1
23	65	29	59	0.00E+00	0.00E+00	0.00E+00	0.00E+00	0.00E+00	0.0000498	0.00E+00	0.00E+00	1
35	53	37	51	0.00E+00	0.00E+00	0.00E+00	0.00E+00	0.00E+00	0.0000775	0.00E+00	0.00E+00	1
17	71	23	65	0.00E+00	0.00E+00	0.00E+00	0.00E+00	0.00E+00	0.0000306	0.00E+00	0.00E+00	1
29	59	35	53	0.00E+00	0.00E+00	0.00E+00	0.00E+00	0.00E+00	0.00030089	0.00E+00	0.00E+00	1
42	46	43	45	0.00E+00	0.00E+00	0.00E+00	0.00E+00	0.00E+00	0.00528033	0.00E+00	0.00E+00	1
39	49	41	47	0.00E+00	0.00E+00	0.00E+00	0.00E+00	0.00E+00	0.00073599	0.00E+00	0.00E+00	1
35	53	41	47	0.00E+00	0.00E+00	0.00E+00	0.00E+00	0.00E+00	0.00148722	0.00E+00	0.00E+00	1
37	51	39	49	0.00E+00	0.00E+00	0.00E+00	0.00E+00	0.00E+00	0.000195621	0.00E+00	0.00E+00	1
41	47	43	45	0.00E+00	0.00E+00	0.00E+00	0.00E+00	0.00E+00	0.0103213	0.00E+00	0.00E+00	1
41	48	42	47	0.00E+00	0.00E+00	0.00E+00	0.00E+00	0.00E+00	0.000422639	0.00E+00	0.00E+00	1
40	49	41	48	0.00E+00	0.00E+00	0.00E+00	0.00E+00	0.00E+00	0.0000494	0.00E+00	0.00E+00	1
42	47	43	46	0.00E+00	0.00E+00	0.00E+00	0.00E+00	0.00E+00	0.00159667	0.00E+00	0.00E+00	1
43	46	44	45	0.00E+00	0.00E+00	0.00E+00	0.00E+00	0.00E+00	0.0201313	0.00E+00	0.00E+00	1
33	57	37	53	0.00E+00	0.00E+00	0.00E+00	0.00E+00	0.00E+00	0.000207804	0.00E+00	0.00E+00	1
41	49	42	48	0.00E+00	0.00E+00	0.00E+00	0.00E+00	0.00E+00	0.000457105	0.00E+00	0.00E+00	1
40	50	41	49	0.00E+00	0.00E+00	0.00E+00	0.00E+00	0.00E+00	0.000220099	0.00E+00	0.00E+00	1
25	65	33	57	0.00E+00	0.00E+00	0.00E+00	0.00E+00	0.00E+00	0.000177927	0.00E+00	0.00E+00	1
13	77	21	69	0.00E+00	0.00E+00	0.00E+00	0.00E+00	0.00E+00	0.0000339	0.00E+00	0.00E+00	1
37	53	39	51	0.00E+00	0.00E+00	0.00E+00	0.00E+00	0.00E+00	0.000140947	0.00E+00	0.00E+00	1
39	51	41	49	0.00E+00	0.00E+00	0.00E+00	0.00E+00	0.00E+00	-0.000603903	0.00E+00	0.00E+00	1
21	69	29	61	0.00E+00	0.00E+00	0.00E+00	0.00E+00	0.00E+00	0.0000628	0.00E+00	0.00E+00	1
27	63	33	57	0.00E+00	0.00E+00	0.00E+00	0.00E+00	0.00E+00	0.000112826	0.00E+00	0.00E+00	1
42	48	43	47	0.00E+00	0.00E+00	0.00E+00	0.00E+00	0.00E+00	0.000764729	0.00E+00	0.00E+00	1
35	55	37	53	0.00E+00	0.00E+00	0.00E+00	0.00E+00	0.00E+00	0.0000416	0.00E+00	0.00E+00	1
33	57	41	49	0.00E+00	0.00E+00	0.00E+00	0.00E+00	0.00E+00	0.000679445	0.00E+00	0.00E+00	1
31	59	35	55	0.00E+00	0.00E+00	0.00E+00	0.00E+00	0.00E+00	0.000122698	0.00E+00	0.00E+00	1
15	75	25	65	0.00E+00	0.00E+00	0.00E+00	0.00E+00	0.00E+00	0.0000774	0.00E+00	0.00E+00	1
15	75	21	69	0.00E+00	0.00E+00	0.00E+00	0.00E+00	0.00E+00	0.0000218	0.00E+00	0.00E+00	1
25	65	35	55	0.00E+00	0.00E+00	0.00E+00	0.00E+00	0.00E+00	0.000402097	0.00E+00	0.00E+00	1
29	61	33	57	0.00E+00	0.00E+00	0.00E+00	0.00E+00	0.00E+00	0.000101358	0.00E+00	0.00E+00	1
33	57	39	51	0.00E+00	0.00E+00	0.00E+00	0.00E+00	0.00E+00	0.000652365	0.00E+00	0.00E+00	1
39	51	43	47	0.00E+00	0.00E+00	0.00E+00	0.00E+00	0.00E+00	0.00394192	0.00E+00	0.00E+00	1
21	69	27	63	0.00E+00	0.00E+00	0.00E+00	0.00E+00	0.00E+00	0.0000843	0.00E+00	0.00E+00	1
43	47	44	46	0.00E+00	0.00E+00	0.00E+00	0.00E+00	0.00E+00	0.00491591	0.00E+00	0.00E+00	1
41	49	43	47	0.00E+00	0.00E+00	0.00E+00	0.00E+00	0.00E+00	0.00217019	0.00E+00	0.00E+00	1
29	61	37	53	0.00E+00	0.00E+00	0.00E+00	0.00E+00	0.00E+00	0.000542242	0.00E+00	0.00E+00	1
17	73	25	65	0.00E+00	0.00E+00	0.00E+00	0.00E+00	0.00E+00	0.0000374	0.00E+00	0.00E+00	1
25	65	29	61	0.00E+00	0.00E+00	0.00E+00	0.00E+00	0.00E+00	-0.000000361	0.00E+00	0.00E+00	1
27	63	31	59	0.00E+00	0.00E+00	0.00E+00	0.00E+00	0.00E+00	0.0000214	0.00E+00	0.00E+00	1
35	55	39	51	0.00E+00	0.00E+00	0.00E+00	0.00E+00	0.00E+00	0.000357993	0.00E+00	0.00E+00	1
37	53	41	49	0.00E+00	0.00E+00	0.00E+00	0.00E+00	0.00E+00	-0.0000421	0.00E+00	0.00E+00	1
44	47	45	46	0.00E+00	0.00E+00	0.00E+00	0.00E+00	0.00E+00	0.017489	0.00E+00	0.00E+00	1
42	49	43	48	0.00E+00	0.00E+00	0.00E+00	0.00E+00	0.00E+00	0.000505464	0.00E+00	0.00E+00	1
43	48	44	47	0.00E+00	0.00E+00	0.00E+00	0.00E+00	0.00E+00	0.00164588	0.00E+00	0.00E+00	1
41	50	42	49	0.00E+00	0.00E+00	0.00E+00	0.00E+00	0.00E+00	0.0000534	0.00E+00	0.00E+00	1
44	48	45	47	0.00E+00	0.00E+00	0.00E+00	0.00E+00	0.00E+00	0.00418688	0.00E+00	0.00E+00	1
37	55	39	53	0.00E+00	0.00E+00	0.00E+00	0.00E+00	0.00E+00	0.0000817	0.00E+00	0.00E+00	1
31	61	41	51	0.00E+00	0.00E+00	0.00E+00	0.00E+00	0.00E+00	0.00116129	0.00E+00	0.00E+00	1
19	73	25	67	0.00E+00	0.00E+00	0.00E+00	0.00E+00	0.00E+00	0.0000146	0.00E+00	0.00E+00	1
11	81	21	71	0.00E+00	0.00E+00	0.00E+00	0.00E+00	0.00E+00	-0.000693693	0.00E+00	0.00E+00	1
21	71	31	61	0.00E+00	0.00E+00	0.00E+00	0.00E+00	0.00E+00	0.000154348	0.00E+00	0.00E+00	1
42	50	43	49	0.00E+00	0.00E+00	0.00E+00	0.00E+00	0.00E+00	0.000183038	0.00E+00	0.00E+00	1
37	55	43	49	0.00E+00	0.00E+00	0.00E+00	0.00E+00	0.00E+00	0.00203124	0.00E+00	0.00E+00	1
31	61	37	55	0.00E+00	0.00E+00	0.00E+00	0.00E+00	0.00E+00	0.000293675	0.00E+00	0.00E+00	1
41	51	43	49	0.00E+00	0.00E+00	0.00E+00	0.00E+00	0.00E+00	0.00153547	0.00E+00	0.00E+00	1
43	49	45	47	0.00E+00	0.00E+00	0.00E+00	0.00E+00	0.00E+00	0.00905939	0.00E+00	0.00E+00	1
39	53	41	51	0.00E+00	0.00E+00	0.00E+00	0.00E+00	0.00E+00	0.00168722	0.00E+00	0.00E+00	1
41	51	42	50	0.00E+00	0.00E+00	0.00E+00	0.00E+00	0.00E+00	0.000581635	0.00E+00	0.00E+00	1
43	49	44	48	0.00E+00	0.00E+00	0.00E+00	0.00E+00	0.00E+00	0.000789393	0.00E+00	0.00E+00	1
25	67	31	61	0.00E+00	0.00E+00	0.00E+00	0.00E+00	0.00E+00	0.0000679	0.00E+00	0.00E+00	1
42	51	43	50	0.00E+00	0.00E+00	0.00E+00	0.00E+00	0.00E+00	0.000612726	0.00E+00	0.00E+00	1
44	49	45	48	0.00E+00	0.00E+00	0.00E+00	0.00E+00	0.00E+00	0.00188234	0.00E+00	0.00E+00	1
45	48	46	47	0.00E+00	0.00E+00	0.00E+00	0.00E+00	0.00E+00	0.0170374	0.00E+00	0.00E+00	1
43	50	44	49	0.00E+00	0.00E+00	0.00E+00	0.00E+00	0.00E+00	0.000361349	0.00E+00	0.00E+00	1
44	50	45	49	0.00E+00	0.00E+00	0.00E+00	0.00E+00	0.00E+00	0.000498022	0.00E+00	0.00E+00	1
37	57	39	55	0.00E+00	0.00E+00	0.00E+00	0.00E+00	0.00E+00	0.0000782	0.00E+00	0.00E+00	1
37	57	41	53	0.00E+00	0.00E+00	0.00E+00	0.00E+00	0.00E+00	0.000239725	0.00E+00	0.00E+00	1
43	51	45	49	0.00E+00	0.00E+00	0.00E+00	0.00E+00	0.00E+00	0.00162225	0.00E+00	0.00E+00	1
17	77	27	67	0.00E+00	0.00E+00	0.00E+00	0.00E+00	0.00E+00	0.00001	0.00E+00	0.00E+00	1
27	67	31	63	0.00E+00	0.00E+00	0.00E+00	0.00E+00	0.00E+00	-0.0000269	0.00E+00	0.00E+00	1
15	79	23	71	0.00E+00	0.00E+00	0.00E+00	0.00E+00	0.00E+00	0.0000332	0.00E+00	0.00E+00	1
23	71	29	65	0.00E+00	0.00E+00	0.00E+00	0.00E+00	0.00E+00	-0.0000148	0.00E+00	0.00E+00	1
27	67	37	57	0.00E+00	0.00E+00	0.00E+00	0.00E+00	0.00E+00	0.000332357	0.00E+00	0.00E+00	1
23	71	31	63	0.00E+00	0.00E+00	0.00E+00	0.00E+00	0.00E+00	0.0000895	0.00E+00	0.00E+00	1
42	52	43	51	0.00E+00	0.00E+00	0.00E+00	0.00E+00	0.00E+00	-0.0000733	0.00E+00	0.00E+00	1
35	59	43	51	0.00E+00	0.00E+00	0.00E+00	0.00E+00	0.00E+00	0.00193573	0.00E+00	0.00E+00	1
39	55	41	53	0.00E+00	0.00E+00	0.00E+00	0.00E+00	0.00E+00	0.000279331	0.00E+00	0.00E+00	1
43	51	44	50	0.00E+00	0.00E+00	0.00E+00	0.00E+00	0.00E+00	-0.0009224	0.00E+00	0.00E+00	1
45	49	46	48	0.00E+00	0.00E+00	0.00E+00	0.00E+00	0.00E+00	0.00457822	0.00E+00	0.00E+00	1
19	75	27	67	0.00E+00	0.00E+00	0.00E+00	0.00E+00	0.00E+00	0.0000432	0.00E+00	0.00E+00	1
17	77	23	71	0.00E+00	0.00E+00	0.00E+00	0.00E+00	0.00E+00	-0.00000886	0.00E+00	0.00E+00	1
27	67	35	59	0.00E+00	0.00E+00	0.00E+00	0.00E+00	0.00E+00	0.000117551	0.00E+00	0.00E+00	1
33	61	37	57	0.00E+00	0.00E+00	0.00E+00	0.00E+00	0.00E+00	0.000118491	0.00E+00	0.00E+00	1
35	59	39	55	0.00E+00	0.00E+00	0.00E+00	0.00E+00	0.00E+00	0.000245516	0.00E+00	0.00E+00	1
31	63	39	55	0.00E+00	0.00E+00	0.00E+00	0.00E+00	0.00E+00	0.000543216	0.00E+00	0.00E+00	1
41	53	43	51	0.00E+00	0.00E+00	0.00E+00	0.00E+00	0.00E+00	-0.0012569	0.00E+00	0.00E+00	1
31	63	35	59	0.00E+00	0.00E+00	0.00E+00	0.00E+00	0.00E+00	0.0000716	0.00E+00	0.00E+00	1
41	53	45	49	0.00E+00	0.00E+00	0.00E+00	0.00E+00	0.00E+00	0.00416393	0.00E+00	0.00E+00	1
29	65	33	61	0.00E+00	0.00E+00	0.00E+00	0.00E+00	0.00E+00	0.0000665	0.00E+00	0.00E+00	1
39	55	43	51	0.00E+00	0.00E+00	0.00E+00	0.00E+00	0.00E+00	0.00097562	0.00E+00	0.00E+00	1
35	59	41	53	0.00E+00	0.00E+00	0.00E+00	0.00E+00	0.00E+00	0.000110894	0.00E+00	0.00E+00	1
29	65	35	59	0.00E+00	0.00E+00	0.00E+00	0.00E+00	0.00E+00	0.000151938	0.00E+00	0.00E+00	1
45	50	46	49	0.00E+00	0.00E+00	0.00E+00	0.00E+00	0.00E+00	0.0011848	0.00E+00	0.00E+00	1
44	51	45	50	0.00E+00	0.00E+00	0.00E+00	0.00E+00	0.00E+00	0.00141461	0.00E+00	0.00E+00	1
46	49	47	48	0.00E+00	0.00E+00	0.00E+00	0.00E+00	0.00E+00	0.0172407	0.00E+00	0.00E+00	1
43	52	44	51	0.00E+00	0.00E+00	0.00E+00	0.00E+00	0.00E+00	0.000509324	0.00E+00	0.00E+00	1
33	63	39	57	0.00E+00	0.00E+00	0.00E+00	0.00E+00	0.00E+00	0.000276551	0.00E+00	0.00E+00	1
45	51	46	50	0.00E+00	0.00E+00	0.00E+00	0.00E+00	0.00E+00	0.000302068	0.00E+00	0.00E+00	1
44	52	45	51	0.00E+00	0.00E+00	0.00E+00	0.00E+00	0.00E+00	-0.000118321	0.00E+00	0.00E+00	1
21	75	27	69	0.00E+00	0.00E+00	0.00E+00	0.00E+00	0.00E+00	0.0000433	0.00E+00	0.00E+00	1
39	57	45	51	0.00E+00	0.00E+00	0.00E+00	0.00E+00	0.00E+00	0.00256757	0.00E+00	0.00E+00	1
39	57	41	55	0.00E+00	0.00E+00	0.00E+00	0.00E+00	0.00E+00	-0.000195175	0.00E+00	0.00E+00	1
43	53	45	51	0.00E+00	0.00E+00	0.00E+00	0.00E+00	0.00E+00	0.000780221	0.00E+00	0.00E+00	1
27	69	33	63	0.00E+00	0.00E+00	0.00E+00	0.00E+00	0.00E+00	0.0000346	0.00E+00	0.00E+00	1
23	73	33	63	0.00E+00	0.00E+00	0.00E+00	0.00E+00	0.00E+00	0.000177588	0.00E+00	0.00E+00	1
46	50	47	49	0.00E+00	0.00E+00	0.00E+00	0.00E+00	0.00E+00	0.00312098	0.00E+00	0.00E+00	1
33	63	43	53	0.00E+00	0.00E+00	0.00E+00	0.00E+00	0.00E+00	0.00147782	0.00E+00	0.00E+00	1
43	53	44	52	0.00E+00	0.00E+00	0.00E+00	0.00E+00	0.00E+00	0.000507404	0.00E+00	0.00E+00	1
41	55	43	53	0.00E+00	0.00E+00	0.00E+00	0.00E+00	0.00E+00	0.00000929	0.00E+00	0.00E+00	1
45	51	47	49	0.00E+00	0.00E+00	0.00E+00	0.00E+00	0.00E+00	0.00600688	0.00E+00	0.00E+00	1
44	53	45	52	0.00E+00	0.00E+00	0.00E+00	0.00E+00	0.00E+00	-0.000116527	0.00E+00	0.00E+00	1
47	50	48	49	0.00E+00	0.00E+00	0.00E+00	0.00E+00	0.00E+00	0.0122224	0.00E+00	0.00E+00	1
46	51	47	50	0.00E+00	0.00E+00	0.00E+00	0.00E+00	0.00E+00	0.00152944	0.00E+00	0.00E+00	1
45	52	46	51	0.00E+00	0.00E+00	0.00E+00	0.00E+00	0.00E+00	0.000499232	0.00E+00	0.00E+00	1
44	54	45	53	0.00E+00	0.00E+00	0.00E+00	0.00E+00	0.00E+00	0.00103906	0.00E+00	0.00E+00	1
33	65	37	61	0.00E+00	0.00E+00	0.00E+00	0.00E+00	0.00E+00	0.0000709	0.00E+00	0.00E+00	1
33	65	41	57	0.00E+00	0.00E+00	0.00E+00	0.00E+00	0.00E+00	0.0000316	0.00E+00	0.00E+00	1
31	67	35	63	0.00E+00	0.00E+00	0.00E+00	0.00E+00	0.00E+00	0.0000511	0.00E+00	0.00E+00	1
45	53	47	51	0.00E+00	0.00E+00	0.00E+00	0.00E+00	0.00E+00	0.00165923	0.00E+00	0.00E+00	1
41	57	45	53	0.00E+00	0.00E+00	0.00E+00	0.00E+00	0.00E+00	0.00102891	0.00E+00	0.00E+00	1
19	79	25	73	0.00E+00	0.00E+00	0.00E+00	0.00E+00	0.00E+00	0.0000371	0.00E+00	0.00E+00	1
37	61	43	55	0.00E+00	0.00E+00	0.00E+00	0.00E+00	0.00E+00	0.000562147	0.00E+00	0.00E+00	1
39	59	41	57	0.00E+00	0.00E+00	0.00E+00	0.00E+00	0.00E+00	-0.00026007	0.00E+00	0.00E+00	1
25	73	31	67	0.00E+00	0.00E+00	0.00E+00	0.00E+00	0.00E+00	0.0000526	0.00E+00	0.00E+00	1
35	63	39	59	0.00E+00	0.00E+00	0.00E+00	0.00E+00	0.00E+00	0.000116189	0.00E+00	0.00E+00	1
45	53	46	52	0.00E+00	0.00E+00	0.00E+00	0.00E+00	0.00E+00	0.000494794	0.00E+00	0.00E+00	1
43	55	45	53	0.00E+00	0.00E+00	0.00E+00	0.00E+00	0.00E+00	0.000261354	0.00E+00	0.00E+00	1
41	57	43	55	0.00E+00	0.00E+00	0.00E+00	0.00E+00	0.00E+00	0.000431479	0.00E+00	0.00E+00	1
29	69	33	65	0.00E+00	0.00E+00	0.00E+00	0.00E+00	0.00E+00	0.0000691	0.00E+00	0.00E+00	1
37	61	45	53	0.00E+00	0.00E+00	0.00E+00	0.00E+00	0.00E+00	0.00183024	0.00E+00	0.00E+00	1
31	67	37	61	0.00E+00	0.00E+00	0.00E+00	0.00E+00	0.00E+00	0.000129373	0.00E+00	0.00E+00	1
37	61	41	57	0.00E+00	0.00E+00	0.00E+00	0.00E+00	0.00E+00	-0.00124042	0.00E+00	0.00E+00	1
21	77	29	69	0.00E+00	0.00E+00	0.00E+00	0.00E+00	0.00E+00	-0.00000118	0.00E+00	0.00E+00	1
39	59	43	55	0.00E+00	0.00E+00	0.00E+00	0.00E+00	0.00E+00	0.000376986	0.00E+00	0.00E+00	1
17	81	25	73	0.00E+00	0.00E+00	0.00E+00	0.00E+00	0.00E+00	0.0000436	0.00E+00	0.00E+00	1
47	51	48	50	0.00E+00	0.00E+00	0.00E+00	0.00E+00	0.00E+00	0.00301647	0.00E+00	0.00E+00	1
43	55	47	51	0.00E+00	0.00E+00	0.00E+00	0.00E+00	0.00E+00	0.0032946	0.00E+00	0.00E+00	1
29	69	37	61	0.00E+00	0.00E+00	0.00E+00	0.00E+00	0.00E+00	0.00022624	0.00E+00	0.00E+00	1
19	79	29	69	0.00E+00	0.00E+00	0.00E+00	0.00E+00	0.00E+00	0.00000833	0.00E+00	0.00E+00	1
46	52	47	51	0.00E+00	0.00E+00	0.00E+00	0.00E+00	0.00E+00	0.000601996	0.00E+00	0.00E+00	1
29	69	39	59	0.00E+00	0.00E+00	0.00E+00	0.00E+00	0.00E+00	0.000420857	0.00E+00	0.00E+00	1
25	73	33	65	0.00E+00	0.00E+00	0.00E+00	0.00E+00	0.00E+00	0.000106562	0.00E+00	0.00E+00	1
47	52	48	51	0.00E+00	0.00E+00	0.00E+00	0.00E+00	0.00E+00	0.00148598	0.00E+00	0.00E+00	1
48	51	49	50	0.00E+00	0.00E+00	0.00E+00	0.00E+00	0.00E+00	0.0226145	0.00E+00	0.00E+00	1
45	54	46	53	0.00E+00	0.00E+00	0.00E+00	0.00E+00	0.00E+00	0.000143036	0.00E+00	0.00E+00	1
46	53	47	52	0.00E+00	0.00E+00	0.00E+00	0.00E+00	0.00E+00	0.0000326	0.00E+00	0.00E+00	1
47	53	48	52	0.00E+00	0.00E+00	0.00E+00	0.00E+00	0.00E+00	0.00076595	0.00E+00	0.00E+00	1
45	55	47	53	0.00E+00	0.00E+00	0.00E+00	0.00E+00	0.00E+00	0.000818732	0.00E+00	0.00E+00	1
43	57	45	55	0.00E+00	0.00E+00	0.00E+00	0.00E+00	0.00E+00	0.000277702	0.00E+00	0.00E+00	1
25	75	35	65	0.00E+00	0.00E+00	0.00E+00	0.00E+00	0.00E+00	0.000141375	0.00E+00	0.00E+00	1
23	77	29	71	0.00E+00	0.00E+00	0.00E+00	0.00E+00	0.00E+00	0.00000863	0.00E+00	0.00E+00	1
35	65	45	55	0.00E+00	0.00E+00	0.00E+00	0.00E+00	0.00E+00	0.00162234	0.00E+00	0.00E+00	1
35	65	41	59	0.00E+00	0.00E+00	0.00E+00	0.00E+00	0.00E+00	0.000165733	0.00E+00	0.00E+00	1
45	55	46	54	0.00E+00	0.00E+00	0.00E+00	0.00E+00	0.00E+00	0.000128922	0.00E+00	0.00E+00	1
41	59	47	53	0.00E+00	0.00E+00	0.00E+00	0.00E+00	0.00E+00	0.00327503	0.00E+00	0.00E+00	1
41	59	43	57	0.00E+00	0.00E+00	0.00E+00	0.00E+00	0.00E+00	0.000402442	0.00E+00	0.00E+00	1
48	52	49	51	0.00E+00	0.00E+00	0.00E+00	0.00E+00	0.00E+00	0.00389052	0.00E+00	0.00E+00	1
46	54	47	53	0.00E+00	0.00E+00	0.00E+00	0.00E+00	0.00E+00	-0.000524545	0.00E+00	0.00E+00	1
47	53	49	51	0.00E+00	0.00E+00	0.00E+00	0.00E+00	0.00E+00	0.0084445	0.00E+00	0.00E+00	1
29	71	35	65	0.00E+00	0.00E+00	0.00E+00	0.00E+00	0.00E+00	0.000118885	0.00E+00	0.00E+00	1
49	52	50	51	0.00E+00	0.00E+00	0.00E+00	0.00E+00	0.00E+00	0.0113238	0.00E+00	0.00E+00	1
47	54	48	53	0.00E+00	0.00E+00	0.00E+00	0.00E+00	0.00E+00	-0.000298956	0.00E+00	0.00E+00	1
48	53	49	52	0.00E+00	0.00E+00	0.00E+00	0.00E+00	0.00E+00	0.00187827	0.00E+00	0.00E+00	1
46	55	47	54	0.00E+00	0.00E+00	0.00E+00	0.00E+00	0.00E+00	0.00109677	0.00E+00	0.00E+00	1
31	71	41	61	0.00E+00	0.00E+00	0.00E+00	0.00E+00	0.00E+00	-0.00166343	0.00E+00	0.00E+00	1
37	65	41	61	0.00E+00	0.00E+00	0.00E+00	0.00E+00	0.00E+00	0.00120749	0.00E+00	0.00E+00	1
27	75	33	69	0.00E+00	0.00E+00	0.00E+00	0.00E+00	0.00E+00	0.0000274	0.00E+00	0.00E+00	1
21	81	27	75	0.00E+00	0.00E+00	0.00E+00	0.00E+00	0.00E+00	-0.0000121	0.00E+00	0.00E+00	1
47	55	48	54	0.00E+00	0.00E+00	0.00E+00	0.00E+00	0.00E+00	0.00112959	0.00E+00	0.00E+00	1
45	57	47	55	0.00E+00	0.00E+00	0.00E+00	0.00E+00	0.00E+00	0.000445214	0.00E+00	0.00E+00	1
33	69	39	63	0.00E+00	0.00E+00	0.00E+00	0.00E+00	0.00E+00	0.00013468	0.00E+00	0.00E+00	1
41	61	43	59	0.00E+00	0.00E+00	0.00E+00	0.00E+00	0.00E+00	0.00100093	0.00E+00	0.00E+00	1
43	59	45	57	0.00E+00	0.00E+00	0.00E+00	0.00E+00	0.00E+00	0.000154925	0.00E+00	0.00E+00	1
23	79	31	71	0.00E+00	0.00E+00	0.00E+00	0.00E+00	0.00E+00	0.0000528	0.00E+00	0.00E+00	1
39	63	47	55	0.00E+00	0.00E+00	0.00E+00	0.00E+00	0.00E+00	0.00208993	0.00E+00	0.00E+00	1
39	63	43	59	0.00E+00	0.00E+00	0.00E+00	0.00E+00	0.00E+00	0.00016918	0.00E+00	0.00E+00	1
35	67	39	63	0.00E+00	0.00E+00	0.00E+00	0.00E+00	0.00E+00	0.0000711	0.00E+00	0.00E+00	1
45	57	49	53	0.00E+00	0.00E+00	0.00E+00	0.00E+00	0.00E+00	0.00400691	0.00E+00	0.00E+00	1
48	54	49	53	0.00E+00	0.00E+00	0.00E+00	0.00E+00	0.00E+00	0.00201326	0.00E+00	0.00E+00	1
27	75	35	67	0.00E+00	0.00E+00	0.00E+00	0.00E+00	0.00E+00	0.0000964	0.00E+00	0.00E+00	1
31	71	39	63	0.00E+00	0.00E+00	0.00E+00	0.00E+00	0.00E+00	0.000188172	0.00E+00	0.00E+00	1
31	71	35	67	0.00E+00	0.00E+00	0.00E+00	0.00E+00	0.00E+00	0.000029	0.00E+00	0.00E+00	1
35	67	43	59	0.00E+00	0.00E+00	0.00E+00	0.00E+00	0.00E+00	0.00049819	0.00E+00	0.00E+00	1
33	69	37	65	0.00E+00	0.00E+00	0.00E+00	0.00E+00	0.00E+00	0.0000471	0.00E+00	0.00E+00	1
41	61	45	57	0.00E+00	0.00E+00	0.00E+00	0.00E+00	0.00E+00	0.00180359	0.00E+00	0.00E+00	1
49	53	50	52	0.00E+00	0.00E+00	0.00E+00	0.00E+00	0.00E+00	0.00331083	0.00E+00	0.00E+00	1
47	55	49	53	0.00E+00	0.00E+00	0.00E+00	0.00E+00	0.00E+00	0.00168113	0.00E+00	0.00E+00	1
43	59	47	55	0.00E+00	0.00E+00	0.00E+00	0.00E+00	0.00E+00	0.00117009	0.00E+00	0.00E+00	1
21	81	31	71	0.00E+00	0.00E+00	0.00E+00	0.00E+00	0.00E+00	0.0000311	0.00E+00	0.00E+00	1
39	63	45	57	0.00E+00	0.00E+00	0.00E+00	0.00E+00	0.00E+00	0.000625801	0.00E+00	0.00E+00	1
48	55	49	54	0.00E+00	0.00E+00	0.00E+00	0.00E+00	0.00E+00	-0.00146933	0.00E+00	0.00E+00	1
49	54	50	53	0.00E+00	0.00E+00	0.00E+00	0.00E+00	0.00E+00	0.00120107	0.00E+00	0.00E+00	1
50	53	51	52	0.00E+00	0.00E+00	0.00E+00	0.00E+00	0.00E+00	0.0130655	0.00E+00	0.00E+00	1
27	77	37	67	0.00E+00	0.00E+00	0.00E+00	0.00E+00	0.00E+00	0.000200279	0.00E+00	0.00E+00	1
37	67	47	57	0.00E+00	0.00E+00	0.00E+00	0.00E+00	0.00E+00	0.00150892	0.00E+00	0.00E+00	1
31	73	37	67	0.00E+00	0.00E+00	0.00E+00	0.00E+00	0.00E+00	0.0000731	0.00E+00	0.00E+00	1
49	55	51	53	0.00E+00	0.00E+00	0.00E+00	0.00E+00	0.00E+00	0.00621789	0.00E+00	0.00E+00	1
37	67	43	61	0.00E+00	0.00E+00	0.00E+00	0.00E+00	0.00E+00	0.000375442	0.00E+00	0.00E+00	1
25	79	31	73	0.00E+00	0.00E+00	0.00E+00	0.00E+00	0.00E+00	0.0000146	0.00E+00	0.00E+00	1
49	55	50	54	0.00E+00	0.00E+00	0.00E+00	0.00E+00	0.00E+00	0.000647803	0.00E+00	0.00E+00	1
47	57	49	55	0.00E+00	0.00E+00	0.00E+00	0.00E+00	0.00E+00	0.00105159	0.00E+00	0.00E+00	1
43	61	49	55	0.00E+00	0.00E+00	0.00E+00	0.00E+00	0.00E+00	0.00352514	0.00E+00	0.00E+00	1
43	61	45	59	0.00E+00	0.00E+00	0.00E+00	0.00E+00	0.00E+00	0.000146596	0.00E+00	0.00E+00	1
45	59	47	57	0.00E+00	0.00E+00	0.00E+00	0.00E+00	0.00E+00	0.000226085	0.00E+00	0.00E+00	1
50	54	51	53	0.00E+00	0.00E+00	0.00E+00	0.00E+00	0.00E+00	0.00188637	0.00E+00	0.00E+00	1
51	54	52	53	0.00E+00	0.00E+00	0.00E+00	0.00E+00	0.00E+00	0.00914334	0.00E+00	0.00E+00	1
50	55	51	54	0.00E+00	0.00E+00	0.00E+00	0.00E+00	0.00E+00	0.00250585	0.00E+00	0.00E+00	1
29	77	35	71	0.00E+00	0.00E+00	0.00E+00	0.00E+00	0.00E+00	0.0000993	0.00E+00	0.00E+00	1
33	73	41	65	0.00E+00	0.00E+00	0.00E+00	0.00E+00	0.00E+00	-0.00538082	0.00E+00	0.00E+00	1
35	71	39	67	0.00E+00	0.00E+00	0.00E+00	0.00E+00	0.00E+00	0.0000473	0.00E+00	0.00E+00	1
49	57	51	55	0.00E+00	0.00E+00	0.00E+00	0.00E+00	0.00E+00	0.00211526	0.00E+00	0.00E+00	1
45	61	49	57	0.00E+00	0.00E+00	0.00E+00	0.00E+00	0.00E+00	0.00149194	0.00E+00	0.00E+00	1
43	63	45	61	0.00E+00	0.00E+00	0.00E+00	0.00E+00	0.00E+00	-0.00000782	0.00E+00	0.00E+00	1
33	73	37	69	0.00E+00	0.00E+00	0.00E+00	0.00E+00	0.00E+00	0.0000362	0.00E+00	0.00E+00	1
43	63	47	59	0.00E+00	0.00E+00	0.00E+00	0.00E+00	0.00E+00	0.000369097	0.00E+00	0.00E+00	1
29	77	37	69	0.00E+00	0.00E+00	0.00E+00	0.00E+00	0.00E+00	0.000146162	0.00E+00	0.00E+00	1
48	58	49	57	0.00E+00	0.00E+00	0.00E+00	0.00E+00	0.00E+00	0.000478255	0.00E+00	0.00E+00	1
35	71	41	65	0.00E+00	0.00E+00	0.00E+00	0.00E+00	0.00E+00	-0.00258792	0.00E+00	0.00E+00	1
33	73	43	63	0.00E+00	0.00E+00	0.00E+00	0.00E+00	0.00E+00	0.000504842	0.00E+00	0.00E+00	1
41	65	49	57	0.00E+00	0.00E+00	0.00E+00	0.00E+00	0.00E+00	0.00291229	0.00E+00	0.00E+00	1
45	61	47	59	0.00E+00	0.00E+00	0.00E+00	0.00E+00	0.00E+00	0.000122361	0.00E+00	0.00E+00	1
47	59	49	57	0.00E+00	0.00E+00	0.00E+00	0.00E+00	0.00E+00	0.00081302	0.00E+00	0.00E+00	1
51	55	52	54	0.00E+00	0.00E+00	0.00E+00	0.00E+00	0.00E+00	0.00348509	0.00E+00	0.00E+00	1
39	67	43	63	0.00E+00	0.00E+00	0.00E+00	0.00E+00	0.00E+00	0.000159239	0.00E+00	0.00E+00	1
25	81	33	73	0.00E+00	0.00E+00	0.00E+00	0.00E+00	0.00E+00	0.0000446	0.00E+00	0.00E+00	1
37	69	45	61	0.00E+00	0.00E+00	0.00E+00	0.00E+00	0.00E+00	0.000466106	0.00E+00	0.00E+00	1
37	69	41	65	0.00E+00	0.00E+00	0.00E+00	0.00E+00	0.00E+00	-0.00219438	0.00E+00	0.00E+00	1
47	59	51	55	0.00E+00	0.00E+00	0.00E+00	0.00E+00	0.00E+00	0.00426676	0.00E+00	0.00E+00	1
41	65	45	61	0.00E+00	0.00E+00	0.00E+00	0.00E+00	0.00E+00	-0.000930866	0.00E+00	0.00E+00	1
41	65	47	59	0.00E+00	0.00E+00	0.00E+00	0.00E+00	0.00E+00	0.000665584	0.00E+00	0.00E+00	1
52	55	53	54	0.00E+00	0.00E+00	0.00E+00	0.00E+00	0.00E+00	0.00819158	0.00E+00	0.00E+00	1
49	58	50	57	0.00E+00	0.00E+00	0.00E+00	0.00E+00	0.00E+00	0.000203091	0.00E+00	0.00E+00	1
27	81	33	75	0.00E+00	0.00E+00	0.00E+00	0.00E+00	0.00E+00	0.0000624	0.00E+00	0.00E+00	1
39	69	45	63	0.00E+00	0.00E+00	0.00E+00	0.00E+00	0.00E+00	0.000229894	0.00E+00	0.00E+00	1
49	59	51	57	0.00E+00	0.00E+00	0.00E+00	0.00E+00	0.00E+00	0.000364091	0.00E+00	0.00E+00	1
45	63	51	57	0.00E+00	0.00E+00	0.00E+00	0.00E+00	0.00E+00	0.00261938	0.00E+00	0.00E+00	1
47	61	49	59	0.00E+00	0.00E+00	0.00E+00	0.00E+00	0.00E+00	0.00023634	0.00E+00	0.00E+00	1
51	57	53	55	0.00E+00	0.00E+00	0.00E+00	0.00E+00	0.00E+00	0.00731257	0.00E+00	0.00E+00	1
49	59	50	58	0.00E+00	0.00E+00	0.00E+00	0.00E+00	0.00E+00	0.000122369	0.00E+00	0.00E+00	1
50	58	51	57	0.00E+00	0.00E+00	0.00E+00	0.00E+00	0.00E+00	0.000213972	0.00E+00	0.00E+00	1
29	79	39	69	0.00E+00	0.00E+00	0.00E+00	0.00E+00	0.00E+00	0.000200936	0.00E+00	0.00E+00	1
39	69	49	59	0.00E+00	0.00E+00	0.00E+00	0.00E+00	0.00E+00	0.00156534	0.00E+00	0.00E+00	1
33	75	39	69	0.00E+00	0.00E+00	0.00E+00	0.00E+00	0.00E+00	0.0000704	0.00E+00	0.00E+00	1
45	63	47	61	0.00E+00	0.00E+00	0.00E+00	0.00E+00	0.00E+00	0.0000927	0.00E+00	0.00E+00	1
51	58	52	57	0.00E+00	0.00E+00	0.00E+00	0.00E+00	0.00E+00	0.000430837	0.00E+00	0.00E+00	1
50	59	51	58	0.00E+00	0.00E+00	0.00E+00	0.00E+00	0.00E+00	-0.000245985	0.00E+00	0.00E+00	1
35	75	45	65	0.00E+00	0.00E+00	0.00E+00	0.00E+00	0.00E+00	0.00000901	0.00E+00	0.00E+00	1
39	71	43	67	0.00E+00	0.00E+00	0.00E+00	0.00E+00	0.00E+00	0.000202132	0.00E+00	0.00E+00	1
43	67	49	61	0.00E+00	0.00E+00	0.00E+00	0.00E+00	0.00E+00	0.000580495	0.00E+00	0.00E+00	1
49	61	53	57	0.00E+00	0.00E+00	0.00E+00	0.00E+00	0.00E+00	0.0027917	0.00E+00	0.00E+00	1
31	79	37	73	0.00E+00	0.00E+00	0.00E+00	0.00E+00	0.00E+00	0.0000385	0.00E+00	0.00E+00	1
51	59	53	57	0.00E+00	0.00E+00	0.00E+00	0.00E+00	0.00E+00	0.00177359	0.00E+00	0.00E+00	1
39	71	47	63	0.00E+00	0.00E+00	0.00E+00	0.00E+00	0.00E+00	0.000450919	0.00E+00	0.00E+00	1
51	59	52	58	0.00E+00	0.00E+00	0.00E+00	0.00E+00	0.00E+00	0.000257893	0.00E+00	0.00E+00	1
35	75	39	71	0.00E+00	0.00E+00	0.00E+00	0.00E+00	0.00E+00	0.0000215	0.00E+00	0.00E+00	1
37	73	41	69	0.00E+00	0.00E+00	0.00E+00	0.00E+00	0.00E+00	-0.00289499	0.00E+00	0.00E+00	1
45	65	49	61	0.00E+00	0.00E+00	0.00E+00	0.00E+00	0.00E+00	0.000424415	0.00E+00	0.00E+00	1
47	63	51	59	0.00E+00	0.00E+00	0.00E+00	0.00E+00	0.00E+00	0.000956968	0.00E+00	0.00E+00	1
35	75	43	67	0.00E+00	0.00E+00	0.00E+00	0.00E+00	0.00E+00	0.000356199	0.00E+00	0.00E+00	1
43	67	47	63	0.00E+00	0.00E+00	0.00E+00	0.00E+00	0.00E+00	0.000117886	0.00E+00	0.00E+00	1
50	60	51	59	0.00E+00	0.00E+00	0.00E+00	0.00E+00	0.00E+00	0.000201079	0.00E+00	0.00E+00	1
47	63	49	61	0.00E+00	0.00E+00	0.00E+00	0.00E+00	0.00E+00	0.000162245	0.00E+00	0.00E+00	1
49	61	51	59	0.00E+00	0.00E+00	0.00E+00	0.00E+00	0.00E+00	0.000271507	0.00E+00	0.00E+00	1
31	79	39	71	0.00E+00	0.00E+00	0.00E+00	0.00E+00	0.00E+00	0.0000923	0.00E+00	0.00E+00	1
37	73	43	67	0.00E+00	0.00E+00	0.00E+00	0.00E+00	0.00E+00	0.000234033	0.00E+00	0.00E+00	1
52	58	53	57	0.00E+00	0.00E+00	0.00E+00	0.00E+00	0.00E+00	0.000510761	0.00E+00	0.00E+00	1
45	65	47	63	0.00E+00	0.00E+00	0.00E+00	0.00E+00	0.00E+00	0.0000607	0.00E+00	0.00E+00	1
43	67	51	59	0.00E+00	0.00E+00	0.00E+00	0.00E+00	0.00E+00	0.00185029	0.00E+00	0.00E+00	1
41	69	45	65	0.00E+00	0.00E+00	0.00E+00	0.00E+00	0.00E+00	0.00237008	0.00E+00	0.00E+00	1
53	58	54	57	0.00E+00	0.00E+00	0.00E+00	0.00E+00	0.00E+00	0.00256087	0.00E+00	0.00E+00	1
51	60	52	59	0.00E+00	0.00E+00	0.00E+00	0.00E+00	0.00E+00	0.000159233	0.00E+00	0.00E+00	1
52	59	53	58	0.00E+00	0.00E+00	0.00E+00	0.00E+00	0.00E+00	0.000512107	0.00E+00	0.00E+00	1
51	61	53	59	0.00E+00	0.00E+00	0.00E+00	0.00E+00	0.00E+00	0.000595306	0.00E+00	0.00E+00	1
53	59	55	57	0.00E+00	0.00E+00	0.00E+00	0.00E+00	0.00E+00	0.00674194	0.00E+00	0.00E+00	1
49	63	51	61	0.00E+00	0.00E+00	0.00E+00	0.00E+00	0.00E+00	0.000332692	0.00E+00	0.00E+00	1
51	61	52	60	0.00E+00	0.00E+00	0.00E+00	0.00E+00	0.00E+00	0.0001787	0.00E+00	0.00E+00	1
53	59	54	58	0.00E+00	0.00E+00	0.00E+00	0.00E+00	0.00E+00	-0.000380926	0.00E+00	0.00E+00	1
35	77	41	71	0.00E+00	0.00E+00	0.00E+00	0.00E+00	0.00E+00	0.00454976	0.00E+00	0.00E+00	1
54	58	55	57	0.00E+00	0.00E+00	0.00E+00	0.00E+00	0.00E+00	0.00280333	0.00E+00	0.00E+00	1
47	65	49	63	0.00E+00	0.00E+00	0.00E+00	0.00E+00	0.00E+00	0.0000991	0.00E+00	0.00E+00	1
41	71	51	61	0.00E+00	0.00E+00	0.00E+00	0.00E+00	0.00E+00	0.00396378	0.00E+00	0.00E+00	1
31	81	41	71	0.00E+00	0.00E+00	0.00E+00	0.00E+00	0.00E+00	0.00457267	0.00E+00	0.00E+00	1
52	60	53	59	0.00E+00	0.00E+00	0.00E+00	0.00E+00	0.00E+00	0.000145531	0.00E+00	0.00E+00	1
47	65	53	59	0.00E+00	0.00E+00	0.00E+00	0.00E+00	0.00E+00	0.00238478	0.00E+00	0.00E+00	1
41	71	47	65	0.00E+00	0.00E+00	0.00E+00	0.00E+00	0.00E+00	0.00295949	0.00E+00	0.00E+00	1
53	60	54	59	0.00E+00	0.00E+00	0.00E+00	0.00E+00	0.00E+00	0.00080582	0.00E+00	0.00E+00	1
52	61	53	60	0.00E+00	0.00E+00	0.00E+00	0.00E+00	0.00E+00	0.000246579	0.00E+00	0.00E+00	1
54	59	55	58	0.00E+00	0.00E+00	0.00E+00	0.00E+00	0.00E+00	0.00238304	0.00E+00	0.00E+00	1
53	61	54	60	0.00E+00	0.00E+00	0.00E+00	0.00E+00	0.00E+00	-0.00016393	0.00E+00	0.00E+00	1
37	77	45	69	0.00E+00	0.00E+00	0.00E+00	0.00E+00	0.00E+00	-0.000327164	0.00E+00	0.00E+00	1
43	71	47	67	0.00E+00	0.00E+00	0.00E+00	0.00E+00	0.00E+00	-0.0000327	0.00E+00	0.00E+00	1
45	69	49	65	0.00E+00	0.00E+00	0.00E+00	0.00E+00	0.00E+00	0.000209597	0.00E+00	0.00E+00	1
45	69	51	63	0.00E+00	0.00E+00	0.00E+00	0.00E+00	0.00E+00	0.000576054	0.00E+00	0.00E+00	1
41	73	49	65	0.00E+00	0.00E+00	0.00E+00	0.00E+00	0.00E+00	0.00606664	0.00E+00	0.00E+00	1
51	63	53	61	0.00E+00	0.00E+00	0.00E+00	0.00E+00	0.00E+00	0.000292185	0.00E+00	0.00E+00	1
41	73	45	69	0.00E+00	0.00E+00	0.00E+00	0.00E+00	0.00E+00	0.00215968	0.00E+00	0.00E+00	1
51	63	55	59	0.00E+00	0.00E+00	0.00E+00	0.00E+00	0.00E+00	0.00299599	0.00E+00	0.00E+00	1
39	75	43	71	0.00E+00	0.00E+00	0.00E+00	0.00E+00	0.00E+00	0.0000682	0.00E+00	0.00E+00	1
49	65	53	61	0.00E+00	0.00E+00	0.00E+00	0.00E+00	0.00E+00	0.000962404	0.00E+00	0.00E+00	1
39	75	45	69	0.00E+00	0.00E+00	0.00E+00	0.00E+00	0.00E+00	-0.000246296	0.00E+00	0.00E+00	1
54	60	55	59	0.00E+00	0.00E+00	0.00E+00	0.00E+00	0.00E+00	0.00005	0.00E+00	0.00E+00	1
47	67	49	65	0.00E+00	0.00E+00	0.00E+00	0.00E+00	0.00E+00	0.0000814	0.00E+00	0.00E+00	1
47	67	51	63	0.00E+00	0.00E+00	0.00E+00	0.00E+00	0.00E+00	0.000428969	0.00E+00	0.00E+00	1
53	61	55	59	0.00E+00	0.00E+00	0.00E+00	0.00E+00	0.00E+00	0.00148944	0.00E+00	0.00E+00	1
37	77	41	73	0.00E+00	0.00E+00	0.00E+00	0.00E+00	0.00E+00	0.00730382	0.00E+00	0.00E+00	1
33	81	39	75	0.00E+00	0.00E+00	0.00E+00	0.00E+00	0.00E+00	0.0000384	0.00E+00	0.00E+00	1
37	77	47	67	0.00E+00	0.00E+00	0.00E+00	0.00E+00	0.00E+00	-0.000282538	0.00E+00	0.00E+00	1
33	81	41	73	0.00E+00	0.00E+00	0.00E+00	0.00E+00	0.00E+00	0.00692059	0.00E+00	0.00E+00	1
45	69	53	61	0.00E+00	0.00E+00	0.00E+00	0.00E+00	0.00E+00	0.00189126	0.00E+00	0.00E+00	1
49	65	51	63	0.00E+00	0.00E+00	0.00E+00	0.00E+00	0.00E+00	0.000268477	0.00E+00	0.00E+00	1
54	61	55	60	0.00E+00	0.00E+00	0.00E+00	0.00E+00	0.00E+00	0.000674226	0.00E+00	0.00E+00	1
53	63	55	61	0.00E+00	0.00E+00	0.00E+00	0.00E+00	0.00E+00	0.000628564	0.00E+00	0.00E+00	1
37	79	43	73	0.00E+00	0.00E+00	0.00E+00	0.00E+00	0.00E+00	0.000118772	0.00E+00	0.00E+00	1
43	73	53	63	0.00E+00	0.00E+00	0.00E+00	0.00E+00	0.00E+00	0.00135426	0.00E+00	0.00E+00	1
51	65	53	63	0.00E+00	0.00E+00	0.00E+00	0.00E+00	0.00E+00	0.000066	0.00E+00	0.00E+00	1
55	61	57	59	0.00E+00	0.00E+00	0.00E+00	0.00E+00	0.00E+00	0.0117674	0.00E+00	0.00E+00	1
43	73	49	67	0.00E+00	0.00E+00	0.00E+00	0.00E+00	0.00E+00	0.000124516	0.00E+00	0.00E+00	1
49	67	55	61	0.00E+00	0.00E+00	0.00E+00	0.00E+00	0.00E+00	0.00228231	0.00E+00	0.00E+00	1
49	67	51	65	0.00E+00	0.00E+00	0.00E+00	0.00E+00	0.00E+00	-0.00000864	0.00E+00	0.00E+00	1
57	60	58	59	0.00E+00	0.00E+00	0.00E+00	0.00E+00	0.00E+00	0.0227996	0.00E+00	0.00E+00	1
53	65	55	63	0.00E+00	0.00E+00	0.00E+00	0.00E+00	0.00E+00	0.000193319	0.00E+00	0.00E+00	1
51	67	53	65	0.00E+00	0.00E+00	0.00E+00	0.00E+00	0.00E+00	0.00020843	0.00E+00	0.00E+00	1
39	79	43	75	0.00E+00	0.00E+00	0.00E+00	0.00E+00	0.00E+00	0.000032	0.00E+00	0.00E+00	1
47	71	55	63	0.00E+00	0.00E+00	0.00E+00	0.00E+00	0.00E+00	0.00174579	0.00E+00	0.00E+00	1
41	77	47	71	0.00E+00	0.00E+00	0.00E+00	0.00E+00	0.00E+00	-0.0050118	0.00E+00	0.00E+00	1
47	71	51	67	0.00E+00	0.00E+00	0.00E+00	0.00E+00	0.00E+00	0.000547153	0.00E+00	0.00E+00	1
49	69	53	65	0.00E+00	0.00E+00	0.00E+00	0.00E+00	0.00E+00	0.00030737	0.00E+00	0.00E+00	1
57	61	58	60	0.00E+00	0.00E+00	0.00E+00	0.00E+00	0.00E+00	0.00627071	0.00E+00	0.00E+00	1
53	65	57	61	0.00E+00	0.00E+00	0.00E+00	0.00E+00	0.00E+00	0.00433708	0.00E+00	0.00E+00	1
39	79	47	71	0.00E+00	0.00E+00	0.00E+00	0.00E+00	0.00E+00	0.000158022	0.00E+00	0.00E+00	1
39	79	49	69	0.00E+00	0.00E+00	0.00E+00	0.00E+00	0.00E+00	-0.000376974	0.00E+00	0.00E+00	1
43	75	47	71	0.00E+00	0.00E+00	0.00E+00	0.00E+00	0.00E+00	-0.00043806	0.00E+00	0.00E+00	1
43	75	51	67	0.00E+00	0.00E+00	0.00E+00	0.00E+00	0.00E+00	0.000565063	0.00E+00	0.00E+00	1
41	77	45	73	0.00E+00	0.00E+00	0.00E+00	0.00E+00	0.00E+00	-0.00688263	0.00E+00	0.00E+00	1
55	63	57	61	0.00E+00	0.00E+00	0.00E+00	0.00E+00	0.00E+00	0.00252159	0.00E+00	0.00E+00	1
51	67	55	63	0.00E+00	0.00E+00	0.00E+00	0.00E+00	0.00E+00	0.000767718	0.00E+00	0.00E+00	1
47	71	53	65	0.00E+00	0.00E+00	0.00E+00	0.00E+00	0.00E+00	0.000695573	0.00E+00	0.00E+00	1
49	69	51	67	0.00E+00	0.00E+00	0.00E+00	0.00E+00	0.00E+00	-0.0000145	0.00E+00	0.00E+00	1
45	73	49	69	0.00E+00	0.00E+00	0.00E+00	0.00E+00	0.00E+00	0.000941428	0.00E+00	0.00E+00	1
58	61	59	60	0.00E+00	0.00E+00	0.00E+00	0.00E+00	0.00E+00	0.0185286	0.00E+00	0.00E+00	1
51	69	57	63	0.00E+00	0.00E+00	0.00E+00	0.00E+00	0.00E+00	0.00279267	0.00E+00	0.00E+00	1
51	69	53	67	0.00E+00	0.00E+00	0.00E+00	0.00E+00	0.00E+00	0.000121471	0.00E+00	0.00E+00	1
57	63	59	61	0.00E+00	0.00E+00	0.00E+00	0.00E+00	0.00E+00	0.011471	0.00E+00	0.00E+00	1
39	81	45	75	0.00E+00	0.00E+00	0.00E+00	0.00E+00	0.00E+00	0.000426582	0.00E+00	0.00E+00	1
55	65	57	63	0.00E+00	0.00E+00	0.00E+00	0.00E+00	0.00E+00	0.00100083	0.00E+00	0.00E+00	1
53	67	55	65	0.00E+00	0.00E+00	0.00E+00	0.00E+00	0.00E+00	0.000219452	0.00E+00	0.00E+00	1
45	75	55	65	0.00E+00	0.00E+00	0.00E+00	0.00E+00	0.00E+00	0.00178013	0.00E+00	0.00E+00	1
45	75	51	69	0.00E+00	0.00E+00	0.00E+00	0.00E+00	0.00E+00	0.000972793	0.00E+00	0.00E+00	1
45	77	49	73	0.00E+00	0.00E+00	0.00E+00	0.00E+00	0.00E+00	-0.00084543	0.00E+00	0.00E+00	1
55	67	59	63	0.00E+00	0.00E+00	0.00E+00	0.00E+00	0.00E+00	0.00456494	0.00E+00	0.00E+00	1
51	71	55	67	0.00E+00	0.00E+00	0.00E+00	0.00E+00	0.00E+00	0.0000145	0.00E+00	0.00E+00	1
41	81	49	73	0.00E+00	0.00E+00	0.00E+00	0.00E+00	0.00E+00	-0.00762966	0.00E+00	0.00E+00	1
41	81	45	77	0.00E+00	0.00E+00	0.00E+00	0.00E+00	0.00E+00	0.000512568	0.00E+00	0.00E+00	1
49	73	55	67	0.00E+00	0.00E+00	0.00E+00	0.00E+00	0.00E+00	0.000571143	0.00E+00	0.00E+00	1
45	77	53	69	0.00E+00	0.00E+00	0.00E+00	0.00E+00	0.00E+00	0.00100523	0.00E+00	0.00E+00	1
43	79	47	75	0.00E+00	0.00E+00	0.00E+00	0.00E+00	0.00E+00	0.000484468	0.00E+00	0.00E+00	1
41	81	51	71	0.00E+00	0.00E+00	0.00E+00	0.00E+00	0.00E+00	-0.00400335	0.00E+00	0.00E+00	1
57	65	59	63	0.00E+00	0.00E+00	0.00E+00	0.00E+00	0.00E+00	0.00232131	0.00E+00	0.00E+00	1
53	69	57	65	0.00E+00	0.00E+00	0.00E+00	0.00E+00	0.00E+00	0.00112041	0.00E+00	0.00E+00	1
47	75	51	71	0.00E+00	0.00E+00	0.00E+00	0.00E+00	0.00E+00	0.000562272	0.00E+00	0.00E+00	1
55	67	57	65	0.00E+00	0.00E+00	0.00E+00	0.00E+00	0.00E+00	0.000483902	0.00E+00	0.00E+00	1
43	79	49	73	0.00E+00	0.00E+00	0.00E+00	0.00E+00	0.00E+00	-0.000687082	0.00E+00	0.00E+00	1
51	71	53	69	0.00E+00	0.00E+00	0.00E+00	0.00E+00	0.00E+00	-0.000248231	0.00E+00	0.00E+00	1
53	69	55	67	0.00E+00	0.00E+00	0.00E+00	0.00E+00	0.00E+00	0.00011586	0.00E+00	0.00E+00	1
49	73	57	65	0.00E+00	0.00E+00	0.00E+00	0.00E+00	0.00E+00	0.00217358	0.00E+00	0.00E+00	1
49	73	53	69	0.00E+00	0.00E+00	0.00E+00	0.00E+00	0.00E+00	0.000273649	0.00E+00	0.00E+00	1
47	77	53	71	0.00E+00	0.00E+00	0.00E+00	0.00E+00	0.00E+00	0.000848561	0.00E+00	0.00E+00	1
57	67	59	65	0.00E+00	0.00E+00	0.00E+00	0.00E+00	0.00E+00	0.000980886	0.00E+00	0.00E+00	1
53	71	59	65	0.00E+00	0.00E+00	0.00E+00	0.00E+00	0.00E+00	0.00337169	0.00E+00	0.00E+00	1
53	71	55	69	0.00E+00	0.00E+00	0.00E+00	0.00E+00	0.00E+00	0.0000248	0.00E+00	0.00E+00	1
55	69	57	67	0.00E+00	0.00E+00	0.00E+00	0.00E+00	0.00E+00	0.00020954	0.00E+00	0.00E+00	1
47	77	57	67	0.00E+00	0.00E+00	0.00E+00	0.00E+00	0.00E+00	0.00218975	0.00E+00	0.00E+00	1
59	65	61	63	0.00E+00	0.00E+00	0.00E+00	0.00E+00	0.00E+00	0.00910232	0.00E+00	0.00E+00	1
51	75	59	67	0.00E+00	0.00E+00	0.00E+00	0.00E+00	0.00E+00	0.00188431	0.00E+00	0.00E+00	1
55	71	57	69	0.00E+00	0.00E+00	0.00E+00	0.00E+00	0.00E+00	0.000334053	0.00E+00	0.00E+00	1
57	69	59	67	0.00E+00	0.00E+00	0.00E+00	0.00E+00	0.00E+00	0.000435392	0.00E+00	0.00E+00	1
49	77	53	73	0.00E+00	0.00E+00	0.00E+00	0.00E+00	0.00E+00	0.000652751	0.00E+00	0.00E+00	1
47	79	55	71	0.00E+00	0.00E+00	0.00E+00	0.00E+00	0.00E+00	0.000410829	0.00E+00	0.00E+00	1
47	79	51	75	0.00E+00	0.00E+00	0.00E+00	0.00E+00	0.00E+00	-0.000377004	0.00E+00	0.00E+00	1
57	69	61	65	0.00E+00	0.00E+00	0.00E+00	0.00E+00	0.00E+00	0.00479722	0.00E+00	0.00E+00	1
51	75	55	71	0.00E+00	0.00E+00	0.00E+00	0.00E+00	0.00E+00	0.000137483	0.00E+00	0.00E+00	1
51	75	57	69	0.00E+00	0.00E+00	0.00E+00	0.00E+00	0.00E+00	0.000415693	0.00E+00	0.00E+00	1
45	81	49	77	0.00E+00	0.00E+00	0.00E+00	0.00E+00	0.00E+00	-0.000895588	0.00E+00	0.00E+00	1
59	67	61	65	0.00E+00	0.00E+00	0.00E+00	0.00E+00	0.00E+00	0.00260892	0.00E+00	0.00E+00	1
55	71	59	67	0.00E+00	0.00E+00	0.00E+00	0.00E+00	0.00E+00	0.00130728	0.00E+00	0.00E+00	1
53	73	55	71	0.00E+00	0.00E+00	0.00E+00	0.00E+00	0.00E+00	0.0000428	0.00E+00	0.00E+00	1
53	73	57	69	0.00E+00	0.00E+00	0.00E+00	0.00E+00	0.00E+00	0.000458302	0.00E+00	0.00E+00	1
45	81	51	75	0.00E+00	0.00E+00	0.00E+00	0.00E+00	0.00E+00	-0.000234764	0.00E+00	0.00E+00	1
49	79	59	69	0.00E+00	0.00E+00	0.00E+00	0.00E+00	0.00E+00	0.00110667	0.00E+00	0.00E+00	1
55	73	57	71	0.00E+00	0.00E+00	0.00E+00	0.00E+00	0.00E+00	0.0000747	0.00E+00	0.00E+00	1
59	69	61	67	0.00E+00	0.00E+00	0.00E+00	0.00E+00	0.00E+00	0.000845332	0.00E+00	0.00E+00	1
49	79	55	73	0.00E+00	0.00E+00	0.00E+00	0.00E+00	0.00E+00	0.000967672	0.00E+00	0.00E+00	1
55	73	61	67	0.00E+00	0.00E+00	0.00E+00	0.00E+00	0.00E+00	0.00158395	0.00E+00	0.00E+00	1
57	71	59	69	0.00E+00	0.00E+00	0.00E+00	0.00E+00	0.00E+00	0.000372744	0.00E+00	0.00E+00	1
61	67	63	65	0.00E+00	0.00E+00	0.00E+00	0.00E+00	0.00E+00	0.0110775	0.00E+00	0.00E+00	1
55	75	59	71	0.00E+00	0.00E+00	0.00E+00	0.00E+00	0.00E+00	0.000419487	0.00E+00	0.00E+00	1
57	73	61	69	0.00E+00	0.00E+00	0.00E+00	0.00E+00	0.00E+00	-0.0000839	0.00E+00	0.00E+00	1
53	77	57	73	0.00E+00	0.00E+00	0.00E+00	0.00E+00	0.00E+00	0.000211614	0.00E+00	0.00E+00	1
57	73	59	71	0.00E+00	0.00E+00	0.00E+00	0.00E+00	0.00E+00	0.000119365	0.00E+00	0.00E+00	1
59	71	61	69	0.00E+00	0.00E+00	0.00E+00	0.00E+00	0.00E+00	-0.0000744	0.00E+00	0.00E+00	1
55	75	57	73	0.00E+00	0.00E+00	0.00E+00	0.00E+00	0.00E+00	0.000104249	0.00E+00	0.00E+00	1
53	77	61	69	0.00E+00	0.00E+00	0.00E+00	0.00E+00	0.00E+00	0.00210345	0.00E+00	0.00E+00	1
51	79	55	75	0.00E+00	0.00E+00	0.00E+00	0.00E+00	0.00E+00	0.0000881	0.00E+00	0.00E+00	1
49	81	53	77	0.00E+00	0.00E+00	0.00E+00	0.00E+00	0.00E+00	0.000502763	0.00E+00	0.00E+00	1
53	77	59	71	0.00E+00	0.00E+00	0.00E+00	0.00E+00	0.00E+00	0.000639653	0.00E+00	0.00E+00	1
59	71	63	67	0.00E+00	0.00E+00	0.00E+00	0.00E+00	0.00E+00	0.00381971	0.00E+00	0.00E+00	1
61	69	63	67	0.00E+00	0.00E+00	0.00E+00	0.00E+00	0.00E+00	0.0024801	0.00E+00	0.00E+00	1
49	81	57	73	0.00E+00	0.00E+00	0.00E+00	0.00E+00	0.00E+00	0.000361699	0.00E+00	0.00E+00	1
57	75	59	73	0.00E+00	0.00E+00	0.00E+00	0.00E+00	0.00E+00	0.000128174	0.00E+00	0.00E+00	1
51	81	61	71	0.00E+00	0.00E+00	0.00E+00	0.00E+00	0.00E+00	-0.000683266	0.00E+00	0.00E+00	1
57	75	63	69	0.00E+00	0.00E+00	0.00E+00	0.00E+00	0.00E+00	0.00367876	0.00E+00	0.00E+00	1
51	81	57	75	0.00E+00	0.00E+00	0.00E+00	0.00E+00	0.00E+00	-0.000862888	0.00E+00	0.00E+00	1
61	71	63	69	0.00E+00	0.00E+00	0.00E+00	0.00E+00	0.00E+00	0.000525542	0.00E+00	0.00E+00	1
63	69	65	67	0.00E+00	0.00E+00	0.00E+00	0.00E+00	0.00E+00	0.00971044	0.00E+00	0.00E+00	1
59	73	61	71	0.00E+00	0.00E+00	0.00E+00	0.00E+00	0.00E+00	-0.000490039	0.00E+00	0.00E+00	1
61	73	65	69	0.00E+00	0.00E+00	0.00E+00	0.00E+00	0.00E+00	0.00434099	0.00E+00	0.00E+00	1
59	75	63	71	0.00E+00	0.00E+00	0.00E+00	0.00E+00	0.00E+00	0.00301393	0.00E+00	0.00E+00	1
57	77	59	75	0.00E+00	0.00E+00	0.00E+00	0.00E+00	0.00E+00	0.0000594	0.00E+00	0.00E+00	1
57	77	61	73	0.00E+00	0.00E+00	0.00E+00	0.00E+00	0.00E+00	0.00135801	0.00E+00	0.00E+00	1
63	71	65	69	0.00E+00	0.00E+00	0.00E+00	0.00E+00	0.00E+00	0.0019313	0.00E+00	0.00E+00	1
55	79	63	71	0.00E+00	0.00E+00	0.00E+00	0.00E+00	0.00E+00	0.00409909	0.00E+00	0.00E+00	1
59	75	61	73	0.00E+00	0.00E+00	0.00E+00	0.00E+00	0.00E+00	0.00148831	0.00E+00	0.00E+00	1
53	81	57	77	0.00E+00	0.00E+00	0.00E+00	0.00E+00	0.00E+00	-0.000988951	0.00E+00	0.00E+00	1
55	79	59	75	0.00E+00	0.00E+00	0.00E+00	0.00E+00	0.00E+00	-0.0012275	0.00E+00	0.00E+00	1
55	79	61	73	0.00E+00	0.00E+00	0.00E+00	0.00E+00	0.00E+00	0.000346736	0.00E+00	0.00E+00	1
61	73	63	71	0.00E+00	0.00E+00	0.00E+00	0.00E+00	0.00E+00	0.000391404	0.00E+00	0.00E+00	1
65	71	67	69	0.00E+00	0.00E+00	0.00E+00	0.00E+00	0.00E+00	0.00849871	0.00E+00	0.00E+00	1
59	77	65	71	0.00E+00	0.00E+00	0.00E+00	0.00E+00	0.00E+00	0.00306176	0.00E+00	0.00E+00	1
59	77	61	75	0.00E+00	0.00E+00	0.00E+00	0.00E+00	0.00E+00	-0.00019617	0.00E+00	0.00E+00	1
63	73	65	71	0.00E+00	0.00E+00	0.00E+00	0.00E+00	0.00E+00	0.00144493	0.00E+00	0.00E+00	1
61	75	63	73	0.00E+00	0.00E+00	0.00E+00	0.00E+00	0.00E+00	0.00163194	0.00E+00	0.00E+00	1
63	75	67	71	0.00E+00	0.00E+00	0.00E+00	0.00E+00	0.00E+00	0.00179116	0.00E+00	0.00E+00	1
65	73	67	71	0.00E+00	0.00E+00	0.00E+00	0.00E+00	0.00E+00	0.00163035	0.00E+00	0.00E+00	1
61	77	65	73	0.00E+00	0.00E+00	0.00E+00	0.00E+00	0.00E+00	0.000438589	0.00E+00	0.00E+00	1
57	81	63	75	0.00E+00	0.00E+00	0.00E+00	0.00E+00	0.00E+00	0.000669711	0.00E+00	0.00E+00	1
59	79	61	77	0.00E+00	0.00E+00	0.00E+00	0.00E+00	0.00E+00	0.000304105	0.00E+00	0.00E+00	1
63	75	65	73	0.00E+00	0.00E+00	0.00E+00	0.00E+00	0.00E+00	-0.00212886	0.00E+00	0.00E+00	1
61	77	63	75	0.00E+00	0.00E+00	0.00E+00	0.00E+00	0.00E+00	0.00030101	0.00E+00	0.00E+00	1
57	81	65	73	0.00E+00	0.00E+00	0.00E+00	0.00E+00	0.00E+00	0.00323268	0.00E+00	0.00E+00	1
57	81	61	77	0.00E+00	0.00E+00	0.00E+00	0.00E+00	0.00E+00	-0.00119666	0.00E+00	0.00E+00	1
59	79	63	75	0.00E+00	0.00E+00	0.00E+00	0.00E+00	0.00E+00	0.00163401	0.00E+00	0.00E+00	1
67	73	69	71	0.00E+00	0.00E+00	0.00E+00	0.00E+00	0.00E+00	0.0070685	0.00E+00	0.00E+00	1
65	75	67	73	0.00E+00	0.00E+00	0.00E+00	0.00E+00	0.00E+00	0.000727972	0.00E+00	0.00E+00	1
63	77	65	75	0.00E+00	0.00E+00	0.00E+00	0.00E+00	0.00E+00	0.000252937	0.00E+00	0.00E+00	1
61	79	67	73	0.00E+00	0.00E+00	0.00E+00	0.00E+00	0.00E+00	0.00426953	0.00E+00	0.00E+00	1
61	79	63	77	0.00E+00	0.00E+00	0.00E+00	0.00E+00	0.00E+00	0.0012021	0.00E+00	0.00E+00	1
67	75	69	73	0.00E+00	0.00E+00	0.00E+00	0.00E+00	0.00E+00	0.00166151	0.00E+00	0.00E+00	1
63	79	67	75	0.00E+00	0.00E+00	0.00E+00	0.00E+00	0.00E+00	0.00126166	0.00E+00	0.00E+00	1
65	77	67	75	0.00E+00	0.00E+00	0.00E+00	0.00E+00	0.00E+00	0.000478487	0.00E+00	0.00E+00	1
61	81	63	79	0.00E+00	0.00E+00	0.00E+00	0.00E+00	0.00E+00	0.000525007	0.00E+00	0.00E+00	1
63	79	65	77	0.00E+00	0.00E+00	0.00E+00	0.00E+00	0.00E+00	0.00020107	0.00E+00	0.00E+00	1
65	77	69	73	0.00E+00	0.00E+00	0.00E+00	0.00E+00	0.00E+00	0.003371	0.00E+00	0.00E+00	1
61	81	65	77	0.00E+00	0.00E+00	0.00E+00	0.00E+00	0.00E+00	0.00268121	0.00E+00	0.00E+00	1
67	77	69	75	0.00E+00	0.00E+00	0.00E+00	0.00E+00	0.00E+00	0.000681019	0.00E+00	0.00E+00	1
63	81	69	75	0.00E+00	0.00E+00	0.00E+00	0.00E+00	0.00E+00	0.00381765	0.00E+00	0.00E+00	1
63	81	65	79	0.00E+00	0.00E+00	0.00E+00	0.00E+00	0.00E+00	0.000786198	0.00E+00	0.00E+00	1
65	79	67	77	0.00E+00	0.00E+00	0.00E+00	0.00E+00	0.00E+00	0.00030145	0.00E+00	0.00E+00	1
69	75	71	73	0.00E+00	0.00E+00	0.00E+00	0.00E+00	0.00E+00	0.00774604	0.00E+00	0.00E+00	1
67	79	71	75	0.00E+00	0.00E+00	0.00E+00	0.00E+00	0.00E+00	0.00359553	0.00E+00	0.00E+00	1
69	77	71	75	0.00E+00	0.00E+00	0.00E+00	0.00E+00	0.00E+00	0.00150794	0.00E+00	0.00E+00	1
65	81	69	77	0.00E+00	0.00E+00	0.00E+00	0.00E+00	0.00E+00	0.00148749	0.00E+00	0.00E+00	1
65	81	67	79	0.00E+00	0.00E+00	0.00E+00	0.00E+00	0.00E+00	0.000335099	0.00E+00	0.00E+00	1
67	79	69	77	0.00E+00	0.00E+00	0.00E+00	0.00E+00	0.00E+00	0.000506142	0.00E+00	0.00E+00	1
69	79	71	77	0.00E+00	0.00E+00	0.00E+00	0.00E+00	0.00E+00	0.000954957	0.00E+00	0.00E+00	1
67	81	69	79	0.00E+00	0.00E+00	0.00E+00	0.00E+00	0.00E+00	0.000208297	0.00E+00	0.00E+00	1
71	77	73	75	0.00E+00	0.00E+00	0.00E+00	0.00E+00	0.00E+00	0.00597395	0.00E+00	0.00E+00	1
69	81	73	77	0.00E+00	0.00E+00	0.00E+00	0.00E+00	0.00E+00	0.00324039	0.00E+00	0.00E+00	1
71	79	73	77	0.00E+00	0.00E+00	0.00E+00	0.00E+00	0.00E+00	0.00177416	0.00E+00	0.00E+00	1
69	81	71	79	0.00E+00	0.00E+00	0.00E+00	0.00E+00	0.00E+00	0.000192989	0.00E+00	0.00E+00	1
71	81	73	79	0.00E+00	0.00E+00	0.00E+00	0.00E+00	0.00E+00	0.000596339	0.00E+00	0.00E+00	1
73	79	75	77	0.00E+00	0.00E+00	0.00E+00	0.00E+00	0.00E+00	0.00653209	0.00E+00	0.00E+00	1
73	81	75	79	0.00E+00	0.00E+00	0.00E+00	0.00E+00	0.00E+00	0.00200185	0.00E+00	0.00E+00	1
75	81	77	79	0.00E+00	0.00E+00	0.00E+00	0.00E+00	0.00E+00	0.00794541	0.00E+00	0.00E+00	1
0												
