32
# x y z
-15	0	0
-14.032258064516	0	0
-13.064516129032	0	0
-12.096774193548	0	0
-11.129032258065	0	0
-10.161290322581	0	0
-9.1935483870968	0	0
-8.2258064516129	0	0
-7.258064516129	0	0
-6.2903225806452	0	0
-5.3225806451613	0	0
-4.3548387096774	0	0
-3.3870967741935	0	0
-2.4193548387097	0	0
-1.4516129032258	0	0
-0.48387096774194	0	0
0.48387096774194	0	0
1.4516129032258	0	0
2.4193548387097	0	0
3.3870967741935	0	0
4.3548387096774	0	0
5.3225806451613	0	0
6.2903225806452	0	0
7.258064516129	0	0
8.2258064516129	0	0
9.1935483870968	0	0
10.161290322581	0	0
11.129032258065	0	0
12.096774193548	0	0
13.064516129032	0	0
14.032258064516	0	0
15	0	0
225
# a b m n err i ip iperr k r rhoa u valid 
1	4	2	3	0.00000000000000e+00	0.00000000000000e+00	0.00000000000000e+00	0.00000000000000e+00	6.08050191017379e+00	0.00000000000000e+00	1.00128639883936e+02	0.00000000000000e+00	1
2	5	3	4	0.00000000000000e+00	0.00000000000000e+00	0.00000000000000e+00	0.00000000000000e+00	6.08050191017379e+00	0.00000000000000e+00	1.00110201592485e+02	0.00000000000000e+00	1
3	6	4	5	0.00000000000000e+00	0.00000000000000e+00	0.00000000000000e+00	0.00000000000000e+00	6.08050191017379e+00	0.00000000000000e+00	1.00142322840729e+02	0.00000000000000e+00	1
4	7	5	6	0.00000000000000e+00	0.00000000000000e+00	0.00000000000000e+00	0.00000000000000e+00	6.08050191017379e+00	0.00000000000000e+00	1.00104445943823e+02	0.00000000000000e+00	1
5	8	6	7	0.00000000000000e+00	0.00000000000000e+00	0.00000000000000e+00	0.00000000000000e+00	6.08050191017379e+00	0.00000000000000e+00	1.00129480154572e+02	0.00000000000000e+00	1
6	9	7	8	0.00000000000000e+00	0.00000000000000e+00	0.00000000000000e+00	0.00000000000000e+00	6.08050191017379e+00	0.00000000000000e+00	1.00087847034915e+02	0.00000000000000e+00	1
7	10	8	9	0.00000000000000e+00	0.00000000000000e+00	0.00000000000000e+00	0.00000000000000e+00	6.08050191017379e+00	0.00000000000000e+00	1.00110345266846e+02	0.00000000000000e+00	1
8	11	9	10	0.00000000000000e+00	0.00000000000000e+00	0.00000000000000e+00	0.00000000000000e+00	6.08050191017379e+00	0.00000000000000e+00	1.00054525747028e+02	0.00000000000000e+00	1
9	12	10	11	0.00000000000000e+00	0.00000000000000e+00	0.00000000000000e+00	0.00000000000000e+00	6.08050191017379e+00	0.00000000000000e+00	1.00051134400590e+02	0.00000000000000e+00	1
10	13	11	12	0.00000000000000e+00	0.00000000000000e+00	0.00000000000000e+00	0.00000000000000e+00	6.08050191017379e+00	0.00000000000000e+00	9.99617979561861e+01	0.00000000000000e+00	1
11	14	12	13	0.00000000000000e+00	0.00000000000000e+00	0.00000000000000e+00	0.00000000000000e+00	6.08050191017379e+00	0.00000000000000e+00	9.99061231968928e+01	0.00000000000000e+00	1
12	15	13	14	0.00000000000000e+00	0.00000000000000e+00	0.00000000000000e+00	0.00000000000000e+00	6.08050191017379e+00	0.00000000000000e+00	9.97082054104998e+01	0.00000000000000e+00	1
13	16	14	15	0.00000000000000e+00	0.00000000000000e+00	0.00000000000000e+00	0.00000000000000e+00	6.08050191017379e+00	0.00000000000000e+00	9.94019803673301e+01	0.00000000000000e+00	1
14	17	15	16	0.00000000000000e+00	0.00000000000000e+00	0.00000000000000e+00	0.00000000000000e+00	6.08050191017379e+00	0.00000000000000e+00	9.86970731169645e+01	0.00000000000000e+00	1
15	18	16	17	0.00000000000000e+00	0.00000000000000e+00	0.00000000000000e+00	0.00000000000000e+00	6.08050191017379e+00	0.00000000000000e+00	9.75515334891704e+01	0.00000000000000e+00	1
16	19	17	18	0.00000000000000e+00	0.00000000000000e+00	0.00000000000000e+00	0.00000000000000e+00	6.08050191017380e+00	0.00000000000000e+00	9.62859283971987e+01	0.00000000000000e+00	1
17	20	18	19	0.00000000000000e+00	0.00000000000000e+00	0.00000000000000e+00	0.00000000000000e+00	6.08050191017378e+00	0.00000000000000e+00	9.57614685097960e+01	0.00000000000000e+00	1
18	21	19	20	0.00000000000000e+00	0.00000000000000e+00	0.00000000000000e+00	0.00000000000000e+00	6.08050191017381e+00	0.00000000000000e+00	9.43995227483886e+01	0.00000000000000e+00	1
19	22	20	21	0.00000000000000e+00	0.00000000000000e+00	0.00000000000000e+00	0.00000000000000e+00	6.08050191017378e+00	0.00000000000000e+00	9.38593084576176e+01	0.00000000000000e+00	1
20	23	21	22	0.00000000000000e+00	0.00000000000000e+00	0.00000000000000e+00	0.00000000000000e+00	6.08050191017378e+00	0.00000000000000e+00	9.51924040570195e+01	0.00000000000000e+00	1
21	24	22	23	0.00000000000000e+00	0.00000000000000e+00	0.00000000000000e+00	0.00000000000000e+00	6.08050191017381e+00	0.00000000000000e+00	9.66379625914167e+01	0.00000000000000e+00	1
22	25	23	24	0.00000000000000e+00	0.00000000000000e+00	0.00000000000000e+00	0.00000000000000e+00	6.08050191017378e+00	0.00000000000000e+00	9.76184142030961e+01	0.00000000000000e+00	1
23	26	24	25	0.00000000000000e+00	0.00000000000000e+00	0.00000000000000e+00	0.00000000000000e+00	6.08050191017380e+00	0.00000000000000e+00	9.84785623885473e+01	0.00000000000000e+00	1
24	27	25	26	0.00000000000000e+00	0.00000000000000e+00	0.00000000000000e+00	0.00000000000000e+00	6.08050191017380e+00	0.00000000000000e+00	9.90925396712181e+01	0.00000000000000e+00	1
25	28	26	27	0.00000000000000e+00	0.00000000000000e+00	0.00000000000000e+00	0.00000000000000e+00	6.08050191017378e+00	0.00000000000000e+00	9.95082943610012e+01	0.00000000000000e+00	1
26	29	27	28	0.00000000000000e+00	0.00000000000000e+00	0.00000000000000e+00	0.00000000000000e+00	6.08050191017381e+00	0.00000000000000e+00	9.97830387294926e+01	0.00000000000000e+00	1
27	30	28	29	0.00000000000000e+00	0.00000000000000e+00	0.00000000000000e+00	0.00000000000000e+00	6.08050191017378e+00	0.00000000000000e+00	9.98928157411852e+01	0.00000000000000e+00	1
28	31	29	30	0.00000000000000e+00	0.00000000000000e+00	0.00000000000000e+00	0.00000000000000e+00	6.08050191017378e+00	0.00000000000000e+00	1.00025883210158e+02	0.00000000000000e+00	1
29	32	30	31	0.00000000000000e+00	0.00000000000000e+00	0.00000000000000e+00	0.00000000000000e+00	6.08050191017381e+00	0.00000000000000e+00	1.00069057148140e+02	0.00000000000000e+00	1
1	6	3	4	0.00000000000000e+00	0.00000000000000e+00	0.00000000000000e+00	0.00000000000000e+00	1.82415057305214e+01	0.00000000000000e+00	1.00590667727841e+02	0.00000000000000e+00	1
2	7	4	5	0.00000000000000e+00	0.00000000000000e+00	0.00000000000000e+00	0.00000000000000e+00	1.82415057305214e+01	0.00000000000000e+00	1.00588793951823e+02	0.00000000000000e+00	1
3	8	5	6	0.00000000000000e+00	0.00000000000000e+00	0.00000000000000e+00	0.00000000000000e+00	1.82415057305214e+01	0.00000000000000e+00	1.00565051007991e+02	0.00000000000000e+00	1
4	9	6	7	0.00000000000000e+00	0.00000000000000e+00	0.00000000000000e+00	0.00000000000000e+00	1.82415057305214e+01	0.00000000000000e+00	1.00530642364718e+02	0.00000000000000e+00	1
5	10	7	8	0.00000000000000e+00	0.00000000000000e+00	0.00000000000000e+00	0.00000000000000e+00	1.82415057305214e+01	0.00000000000000e+00	1.00484685201209e+02	0.00000000000000e+00	1
6	11	8	9	0.00000000000000e+00	0.00000000000000e+00	0.00000000000000e+00	0.00000000000000e+00	1.82415057305214e+01	0.00000000000000e+00	1.00427061347211e+02	0.00000000000000e+00	1
7	12	9	10	0.00000000000000e+00	0.00000000000000e+00	0.00000000000000e+00	0.00000000000000e+00	1.82415057305214e+01	0.00000000000000e+00	1.00322757808969e+02	0.00000000000000e+00	1
8	13	10	11	0.00000000000000e+00	0.00000000000000e+00	0.00000000000000e+00	0.00000000000000e+00	1.82415057305214e+01	0.00000000000000e+00	1.00157846233507e+02	0.00000000000000e+00	1
9	14	11	12	0.00000000000000e+00	0.00000000000000e+00	0.00000000000000e+00	0.00000000000000e+00	1.82415057305214e+01	0.00000000000000e+00	9.98797071575107e+01	0.00000000000000e+00	1
10	15	12	13	0.00000000000000e+00	0.00000000000000e+00	0.00000000000000e+00	0.00000000000000e+00	1.82415057305214e+01	0.00000000000000e+00	9.94242979632596e+01	0.00000000000000e+00	1
11	16	13	14	0.00000000000000e+00	0.00000000000000e+00	0.00000000000000e+00	0.00000000000000e+00	1.82415057305214e+01	0.00000000000000e+00	9.85497113226964e+01	0.00000000000000e+00	1
12	17	14	15	0.00000000000000e+00	0.00000000000000e+00	0.00000000000000e+00	0.00000000000000e+00	1.82415057305214e+01	0.00000000000000e+00	9.69057799112031e+01	0.00000000000000e+00	1
13	18	15	16	0.00000000000000e+00	0.00000000000000e+00	0.00000000000000e+00	0.00000000000000e+00	1.82415057305214e+01	0.00000000000000e+00	9.41123540071600e+01	0.00000000000000e+00	1
14	19	16	17	0.00000000000000e+00	0.00000000000000e+00	0.00000000000000e+00	0.00000000000000e+00	1.82415057305214e+01	0.00000000000000e+00	9.08878701302939e+01	0.00000000000000e+00	1
15	20	17	18	0.00000000000000e+00	0.00000000000000e+00	0.00000000000000e+00	0.00000000000000e+00	1.82415057305214e+01	0.00000000000000e+00	8.89455812692245e+01	0.00000000000000e+00	1
16	21	18	19	0.00000000000000e+00	0.00000000000000e+00	0.00000000000000e+00	0.00000000000000e+00	1.82415057305214e+01	0.00000000000000e+00	8.71651932542269e+01	0.00000000000000e+00	1
17	22	19	20	0.00000000000000e+00	0.00000000000000e+00	0.00000000000000e+00	0.00000000000000e+00	1.82415057305214e+01	0.00000000000000e+00	8.31143450240029e+01	0.00000000000000e+00	1
18	23	20	21	0.00000000000000e+00	0.00000000000000e+00	0.00000000000000e+00	0.00000000000000e+00	1.82415057305213e+01	0.00000000000000e+00	8.05712187057642e+01	0.00000000000000e+00	1
19	24	21	22	0.00000000000000e+00	0.00000000000000e+00	0.00000000000000e+00	0.00000000000000e+00	1.82415057305213e+01	0.00000000000000e+00	8.29280538067694e+01	0.00000000000000e+00	1
20	25	22	23	0.00000000000000e+00	0.00000000000000e+00	0.00000000000000e+00	0.00000000000000e+00	1.82415057305214e+01	0.00000000000000e+00	8.74201204044271e+01	0.00000000000000e+00	1
21	26	23	24	0.00000000000000e+00	0.00000000000000e+00	0.00000000000000e+00	0.00000000000000e+00	1.82415057305214e+01	0.00000000000000e+00	9.11287400901043e+01	0.00000000000000e+00	1
22	27	24	25	0.00000000000000e+00	0.00000000000000e+00	0.00000000000000e+00	0.00000000000000e+00	1.82415057305214e+01	0.00000000000000e+00	9.39796213420596e+01	0.00000000000000e+00	1
23	28	25	26	0.00000000000000e+00	0.00000000000000e+00	0.00000000000000e+00	0.00000000000000e+00	1.82415057305214e+01	0.00000000000000e+00	9.61930534904413e+01	0.00000000000000e+00	1
24	29	26	27	0.00000000000000e+00	0.00000000000000e+00	0.00000000000000e+00	0.00000000000000e+00	1.82415057305214e+01	0.00000000000000e+00	9.77469878986875e+01	0.00000000000000e+00	1
25	30	27	28	0.00000000000000e+00	0.00000000000000e+00	0.00000000000000e+00	0.00000000000000e+00	1.82415057305214e+01	0.00000000000000e+00	9.87512007902618e+01	0.00000000000000e+00	1
26	31	28	29	0.00000000000000e+00	0.00000000000000e+00	0.00000000000000e+00	0.00000000000000e+00	1.82415057305213e+01	0.00000000000000e+00	9.94302365319553e+01	0.00000000000000e+00	1
27	32	29	30	0.00000000000000e+00	0.00000000000000e+00	0.00000000000000e+00	0.00000000000000e+00	1.82415057305213e+01	0.00000000000000e+00	9.99022003626061e+01	0.00000000000000e+00	1
1	8	4	5	0.00000000000000e+00	0.00000000000000e+00	0.00000000000000e+00	0.00000000000000e+00	3.64830114610427e+01	0.00000000000000e+00	1.01392455422892e+02	0.00000000000000e+00	1
2	9	5	6	0.00000000000000e+00	0.00000000000000e+00	0.00000000000000e+00	0.00000000000000e+00	3.64830114610427e+01	0.00000000000000e+00	1.01314336519184e+02	0.00000000000000e+00	1
3	10	6	7	0.00000000000000e+00	0.00000000000000e+00	0.00000000000000e+00	0.00000000000000e+00	3.64830114610428e+01	0.00000000000000e+00	1.01226250210543e+02	0.00000000000000e+00	1
4	11	7	8	0.00000000000000e+00	0.00000000000000e+00	0.00000000000000e+00	0.00000000000000e+00	3.64830114610428e+01	0.00000000000000e+00	1.01103287916822e+02	0.00000000000000e+00	1
5	12	8	9	0.00000000000000e+00	0.00000000000000e+00	0.00000000000000e+00	0.00000000000000e+00	3.64830114610427e+01	0.00000000000000e+00	1.00926513814099e+02	0.00000000000000e+00	1
6	13	9	10	0.00000000000000e+00	0.00000000000000e+00	0.00000000000000e+00	0.00000000000000e+00	3.64830114610427e+01	0.00000000000000e+00	1.00606403614412e+02	0.00000000000000e+00	1
7	14	10	11	0.00000000000000e+00	0.00000000000000e+00	0.00000000000000e+00	0.00000000000000e+00	3.64830114610428e+01	0.00000000000000e+00	1.00124511302042e+02	0.00000000000000e+00	1
8	15	11	12	0.00000000000000e+00	0.00000000000000e+00	0.00000000000000e+00	0.00000000000000e+00	3.64830114610428e+01	0.00000000000000e+00	9.93316103081811e+01	0.00000000000000e+00	1
9	16	12	13	0.00000000000000e+00	0.00000000000000e+00	0.00000000000000e+00	0.00000000000000e+00	3.64830114610427e+01	0.00000000000000e+00	9.79824722458108e+01	0.00000000000000e+00	1
10	17	13	14	0.00000000000000e+00	0.00000000000000e+00	0.00000000000000e+00	0.00000000000000e+00	3.64830114610427e+01	0.00000000000000e+00	9.55850583629905e+01	0.00000000000000e+00	1
11	18	14	15	0.00000000000000e+00	0.00000000000000e+00	0.00000000000000e+00	0.00000000000000e+00	3.64830114610428e+01	0.00000000000000e+00	9.18727279907889e+01	0.00000000000000e+00	1
12	19	15	16	0.00000000000000e+00	0.00000000000000e+00	0.00000000000000e+00	0.00000000000000e+00	3.64830114610428e+01	0.00000000000000e+00	8.77326354894331e+01	0.00000000000000e+00	1
13	20	16	17	0.00000000000000e+00	0.00000000000000e+00	0.00000000000000e+00	0.00000000000000e+00	3.64830114610427e+01	0.00000000000000e+00	8.50948054963669e+01	0.00000000000000e+00	1
14	21	17	18	0.00000000000000e+00	0.00000000000000e+00	0.00000000000000e+00	0.00000000000000e+00	3.64830114610427e+01	0.00000000000000e+00	8.29791523252384e+01	0.00000000000000e+00	1
15	22	18	19	0.00000000000000e+00	0.00000000000000e+00	0.00000000000000e+00	0.00000000000000e+00	3.64830114610427e+01	0.00000000000000e+00	7.85868066449371e+01	0.00000000000000e+00	1
16	23	19	20	0.00000000000000e+00	0.00000000000000e+00	0.00000000000000e+00	0.00000000000000e+00	3.64830114610428e+01	0.00000000000000e+00	7.20882869868801e+01	0.00000000000000e+00	1
17	24	20	21	0.00000000000000e+00	0.00000000000000e+00	0.00000000000000e+00	0.00000000000000e+00	3.64830114610427e+01	0.00000000000000e+00	6.87000323659182e+01	0.00000000000000e+00	1
18	25	21	22	0.00000000000000e+00	0.00000000000000e+00	0.00000000000000e+00	0.00000000000000e+00	3.64830114610427e+01	0.00000000000000e+00	7.05403358047850e+01	0.00000000000000e+00	1
19	26	22	23	0.00000000000000e+00	0.00000000000000e+00	0.00000000000000e+00	0.00000000000000e+00	3.64830114610428e+01	0.00000000000000e+00	7.61759290506501e+01	0.00000000000000e+00	1
20	27	23	24	0.00000000000000e+00	0.00000000000000e+00	0.00000000000000e+00	0.00000000000000e+00	3.64830114610427e+01	0.00000000000000e+00	8.28003912269531e+01	0.00000000000000e+00	1
21	28	24	25	0.00000000000000e+00	0.00000000000000e+00	0.00000000000000e+00	0.00000000000000e+00	3.64830114610427e+01	0.00000000000000e+00	8.80816103976579e+01	0.00000000000000e+00	1
22	29	25	26	0.00000000000000e+00	0.00000000000000e+00	0.00000000000000e+00	0.00000000000000e+00	3.64830114610427e+01	0.00000000000000e+00	9.19487152218224e+01	0.00000000000000e+00	1
23	30	26	27	0.00000000000000e+00	0.00000000000000e+00	0.00000000000000e+00	0.00000000000000e+00	3.64830114610427e+01	0.00000000000000e+00	9.46777262825956e+01	0.00000000000000e+00	1
24	31	27	28	0.00000000000000e+00	0.00000000000000e+00	0.00000000000000e+00	0.00000000000000e+00	3.64830114610428e+01	0.00000000000000e+00	9.66884289554409e+01	0.00000000000000e+00	1
25	32	28	29	0.00000000000000e+00	0.00000000000000e+00	0.00000000000000e+00	0.00000000000000e+00	3.64830114610427e+01	0.00000000000000e+00	9.82429307007251e+01	0.00000000000000e+00	1
1	10	5	6	0.00000000000000e+00	0.00000000000000e+00	0.00000000000000e+00	0.00000000000000e+00	6.08050191017379e+01	0.00000000000000e+00	1.02609165007827e+02	0.00000000000000e+00	1
2	11	6	7	0.00000000000000e+00	0.00000000000000e+00	0.00000000000000e+00	0.00000000000000e+00	6.08050191017380e+01	0.00000000000000e+00	1.02416471698778e+02	0.00000000000000e+00	1
3	12	7	8	0.00000000000000e+00	0.00000000000000e+00	0.00000000000000e+00	0.00000000000000e+00	6.08050191017380e+01	0.00000000000000e+00	1.02136170273367e+02	0.00000000000000e+00	1
4	13	8	9	0.00000000000000e+00	0.00000000000000e+00	0.00000000000000e+00	0.00000000000000e+00	6.08050191017379e+01	0.00000000000000e+00	1.01701189412975e+02	0.00000000000000e+00	1
5	14	9	10	0.00000000000000e+00	0.00000000000000e+00	0.00000000000000e+00	0.00000000000000e+00	6.08050191017379e+01	0.00000000000000e+00	1.01010222976388e+02	0.00000000000000e+00	1
6	15	10	11	0.00000000000000e+00	0.00000000000000e+00	0.00000000000000e+00	0.00000000000000e+00	6.08050191017380e+01	0.00000000000000e+00	9.99221649196243e+01	0.00000000000000e+00	1
7	16	11	12	0.00000000000000e+00	0.00000000000000e+00	0.00000000000000e+00	0.00000000000000e+00	6.08050191017380e+01	0.00000000000000e+00	9.81524586582707e+01	0.00000000000000e+00	1
8	17	12	13	0.00000000000000e+00	0.00000000000000e+00	0.00000000000000e+00	0.00000000000000e+00	6.08050191017379e+01	0.00000000000000e+00	9.53244352182857e+01	0.00000000000000e+00	1
9	18	13	14	0.00000000000000e+00	0.00000000000000e+00	0.00000000000000e+00	0.00000000000000e+00	6.08050191017379e+01	0.00000000000000e+00	9.12693301737896e+01	0.00000000000000e+00	1
10	19	14	15	0.00000000000000e+00	0.00000000000000e+00	0.00000000000000e+00	0.00000000000000e+00	6.08050191017380e+01	0.00000000000000e+00	8.71952728109825e+01	0.00000000000000e+00	1
11	20	15	16	0.00000000000000e+00	0.00000000000000e+00	0.00000000000000e+00	0.00000000000000e+00	6.08050191017380e+01	0.00000000000000e+00	8.47757779531742e+01	0.00000000000000e+00	1
12	21	16	17	0.00000000000000e+00	0.00000000000000e+00	0.00000000000000e+00	0.00000000000000e+00	6.08050191017379e+01	0.00000000000000e+00	8.33515564758778e+01	0.00000000000000e+00	1
13	22	17	18	0.00000000000000e+00	0.00000000000000e+00	0.00000000000000e+00	0.00000000000000e+00	6.08050191017379e+01	0.00000000000000e+00	7.99957376357401e+01	0.00000000000000e+00	1
14	23	18	19	0.00000000000000e+00	0.00000000000000e+00	0.00000000000000e+00	0.00000000000000e+00	6.08050191017378e+01	0.00000000000000e+00	7.25510503194261e+01	0.00000000000000e+00	1
15	24	19	20	0.00000000000000e+00	0.00000000000000e+00	0.00000000000000e+00	0.00000000000000e+00	6.08050191017381e+01	0.00000000000000e+00	6.42964135433318e+01	0.00000000000000e+00	1
16	25	20	21	0.00000000000000e+00	0.00000000000000e+00	0.00000000000000e+00	0.00000000000000e+00	6.08050191017379e+01	0.00000000000000e+00	6.10800718855669e+01	0.00000000000000e+00	1
17	26	21	22	0.00000000000000e+00	0.00000000000000e+00	0.00000000000000e+00	0.00000000000000e+00	6.08050191017379e+01	0.00000000000000e+00	6.30951929666438e+01	0.00000000000000e+00	1
18	27	22	23	0.00000000000000e+00	0.00000000000000e+00	0.00000000000000e+00	0.00000000000000e+00	6.08050191017382e+01	0.00000000000000e+00	6.86414859646801e+01	0.00000000000000e+00	1
19	28	23	24	0.00000000000000e+00	0.00000000000000e+00	0.00000000000000e+00	0.00000000000000e+00	6.08050191017378e+01	0.00000000000000e+00	7.62983234652789e+01	0.00000000000000e+00	1
20	29	24	25	0.00000000000000e+00	0.00000000000000e+00	0.00000000000000e+00	0.00000000000000e+00	6.08050191017379e+01	0.00000000000000e+00	8.35288744010204e+01	0.00000000000000e+00	1
21	30	25	26	0.00000000000000e+00	0.00000000000000e+00	0.00000000000000e+00	0.00000000000000e+00	6.08050191017379e+01	0.00000000000000e+00	8.87102718380728e+01	0.00000000000000e+00	1
22	31	26	27	0.00000000000000e+00	0.00000000000000e+00	0.00000000000000e+00	0.00000000000000e+00	6.08050191017378e+01	0.00000000000000e+00	9.20347694195236e+01	0.00000000000000e+00	1
23	32	27	28	0.00000000000000e+00	0.00000000000000e+00	0.00000000000000e+00	0.00000000000000e+00	6.08050191017382e+01	0.00000000000000e+00	9.44791138199008e+01	0.00000000000000e+00	1
1	12	6	7	0.00000000000000e+00	0.00000000000000e+00	0.00000000000000e+00	0.00000000000000e+00	9.12075286526070e+01	0.00000000000000e+00	1.04088804478514e+02	0.00000000000000e+00	1
2	13	7	8	0.00000000000000e+00	0.00000000000000e+00	0.00000000000000e+00	0.00000000000000e+00	9.12075286526070e+01	0.00000000000000e+00	1.03536049998336e+02	0.00000000000000e+00	1
3	14	8	9	0.00000000000000e+00	0.00000000000000e+00	0.00000000000000e+00	0.00000000000000e+00	9.12075286526068e+01	0.00000000000000e+00	1.02692563241813e+02	0.00000000000000e+00	1
4	15	9	10	0.00000000000000e+00	0.00000000000000e+00	0.00000000000000e+00	0.00000000000000e+00	9.12075286526068e+01	0.00000000000000e+00	1.01365294521788e+02	0.00000000000000e+00	1
5	16	10	11	0.00000000000000e+00	0.00000000000000e+00	0.00000000000000e+00	0.00000000000000e+00	9.12075286526070e+01	0.00000000000000e+00	9.93024204578577e+01	0.00000000000000e+00	1
6	17	11	12	0.00000000000000e+00	0.00000000000000e+00	0.00000000000000e+00	0.00000000000000e+00	9.12075286526070e+01	0.00000000000000e+00	9.61833270868371e+01	0.00000000000000e+00	1
7	18	12	13	0.00000000000000e+00	0.00000000000000e+00	0.00000000000000e+00	0.00000000000000e+00	9.12075286526068e+01	0.00000000000000e+00	9.21534836035928e+01	0.00000000000000e+00	1
8	19	13	14	0.00000000000000e+00	0.00000000000000e+00	0.00000000000000e+00	0.00000000000000e+00	9.12075286526069e+01	0.00000000000000e+00	8.84937607834558e+01	0.00000000000000e+00	1
9	20	14	15	0.00000000000000e+00	0.00000000000000e+00	0.00000000000000e+00	0.00000000000000e+00	9.12075286526070e+01	0.00000000000000e+00	8.67398874536164e+01	0.00000000000000e+00	1
10	21	15	16	0.00000000000000e+00	0.00000000000000e+00	0.00000000000000e+00	0.00000000000000e+00	9.12075286526070e+01	0.00000000000000e+00	8.61529760781033e+01	0.00000000000000e+00	1
11	22	16	17	0.00000000000000e+00	0.00000000000000e+00	0.00000000000000e+00	0.00000000000000e+00	9.12075286526068e+01	0.00000000000000e+00	8.48836456566518e+01	0.00000000000000e+00	1
12	23	17	18	0.00000000000000e+00	0.00000000000000e+00	0.00000000000000e+00	0.00000000000000e+00	9.12075286526068e+01	0.00000000000000e+00	7.98017199677866e+01	0.00000000000000e+00	1
13	24	18	19	0.00000000000000e+00	0.00000000000000e+00	0.00000000000000e+00	0.00000000000000e+00	9.12075286526068e+01	0.00000000000000e+00	6.94880139615625e+01	0.00000000000000e+00	1
14	25	19	20	0.00000000000000e+00	0.00000000000000e+00	0.00000000000000e+00	0.00000000000000e+00	9.12075286526072e+01	0.00000000000000e+00	5.97600978517085e+01	0.00000000000000e+00	1
15	26	20	21	0.00000000000000e+00	0.00000000000000e+00	0.00000000000000e+00	0.00000000000000e+00	9.12075286526068e+01	0.00000000000000e+00	5.68631205294289e+01	0.00000000000000e+00	1
16	27	21	22	0.00000000000000e+00	0.00000000000000e+00	0.00000000000000e+00	0.00000000000000e+00	9.12075286526069e+01	0.00000000000000e+00	5.95183488118205e+01	0.00000000000000e+00	1
17	28	22	23	0.00000000000000e+00	0.00000000000000e+00	0.00000000000000e+00	0.00000000000000e+00	9.12075286526072e+01	0.00000000000000e+00	6.57227457632155e+01	0.00000000000000e+00	1
18	29	23	24	0.00000000000000e+00	0.00000000000000e+00	0.00000000000000e+00	0.00000000000000e+00	9.12075286526068e+01	0.00000000000000e+00	7.40121541838671e+01	0.00000000000000e+00	1
19	30	24	25	0.00000000000000e+00	0.00000000000000e+00	0.00000000000000e+00	0.00000000000000e+00	9.12075286526068e+01	0.00000000000000e+00	8.20509909401856e+01	0.00000000000000e+00	1
20	31	25	26	0.00000000000000e+00	0.00000000000000e+00	0.00000000000000e+00	0.00000000000000e+00	9.12075286526068e+01	0.00000000000000e+00	8.80703492908907e+01	0.00000000000000e+00	1
21	32	26	27	0.00000000000000e+00	0.00000000000000e+00	0.00000000000000e+00	0.00000000000000e+00	9.12075286526068e+01	0.00000000000000e+00	9.15258426982143e+01	0.00000000000000e+00	1
1	14	7	8	0.00000000000000e+00	0.00000000000000e+00	0.00000000000000e+00	0.00000000000000e+00	1.27690540113650e+02	0.00000000000000e+00	1.05056154259951e+02	0.00000000000000e+00	1
2	15	8	9	0.00000000000000e+00	0.00000000000000e+00	0.00000000000000e+00	0.00000000000000e+00	1.27690540113649e+02	0.00000000000000e+00	1.03585102361124e+02	0.00000000000000e+00	1
3	16	9	10	0.00000000000000e+00	0.00000000000000e+00	0.00000000000000e+00	0.00000000000000e+00	1.27690540113649e+02	0.00000000000000e+00	1.01332235647943e+02	0.00000000000000e+00	1
4	17	10	11	0.00000000000000e+00	0.00000000000000e+00	0.00000000000000e+00	0.00000000000000e+00	1.27690540113650e+02	0.00000000000000e+00	9.80858509829053e+01	0.00000000000000e+00	1
5	18	11	12	0.00000000000000e+00	0.00000000000000e+00	0.00000000000000e+00	0.00000000000000e+00	1.27690540113650e+02	0.00000000000000e+00	9.41439391173607e+01	0.00000000000000e+00	1
6	19	12	13	0.00000000000000e+00	0.00000000000000e+00	0.00000000000000e+00	0.00000000000000e+00	1.27690540113650e+02	0.00000000000000e+00	9.10150841854375e+01	0.00000000000000e+00	1
7	20	13	14	0.00000000000000e+00	0.00000000000000e+00	0.00000000000000e+00	0.00000000000000e+00	1.27690540113649e+02	0.00000000000000e+00	8.98779183549706e+01	0.00000000000000e+00	1
8	21	14	15	0.00000000000000e+00	0.00000000000000e+00	0.00000000000000e+00	0.00000000000000e+00	1.27690540113650e+02	0.00000000000000e+00	9.01102220344095e+01	0.00000000000000e+00	1
9	22	15	16	0.00000000000000e+00	0.00000000000000e+00	0.00000000000000e+00	0.00000000000000e+00	1.27690540113650e+02	0.00000000000000e+00	9.02902533699560e+01	0.00000000000000e+00	1
10	23	16	17	0.00000000000000e+00	0.00000000000000e+00	0.00000000000000e+00	0.00000000000000e+00	1.27690540113649e+02	0.00000000000000e+00	8.85884918478159e+01	0.00000000000000e+00	1
11	24	17	18	0.00000000000000e+00	0.00000000000000e+00	0.00000000000000e+00	0.00000000000000e+00	1.27690540113649e+02	0.00000000000000e+00	8.15972040611127e+01	0.00000000000000e+00	1
12	25	18	19	0.00000000000000e+00	0.00000000000000e+00	0.00000000000000e+00	0.00000000000000e+00	1.27690540113650e+02	0.00000000000000e+00	6.85978439602972e+01	0.00000000000000e+00	1
13	26	19	20	0.00000000000000e+00	0.00000000000000e+00	0.00000000000000e+00	0.00000000000000e+00	1.27690540113650e+02	0.00000000000000e+00	5.74666088333147e+01	0.00000000000000e+00	1
14	27	20	21	0.00000000000000e+00	0.00000000000000e+00	0.00000000000000e+00	0.00000000000000e+00	1.27690540113650e+02	0.00000000000000e+00	5.47466611768226e+01	0.00000000000000e+00	1
15	28	21	22	0.00000000000000e+00	0.00000000000000e+00	0.00000000000000e+00	0.00000000000000e+00	1.27690540113649e+02	0.00000000000000e+00	5.81163109420918e+01	0.00000000000000e+00	1
16	29	22	23	0.00000000000000e+00	0.00000000000000e+00	0.00000000000000e+00	0.00000000000000e+00	1.27690540113650e+02	0.00000000000000e+00	6.53614884339651e+01	0.00000000000000e+00	1
17	30	23	24	0.00000000000000e+00	0.00000000000000e+00	0.00000000000000e+00	0.00000000000000e+00	1.27690540113650e+02	0.00000000000000e+00	7.49873654909587e+01	0.00000000000000e+00	1
18	31	24	25	0.00000000000000e+00	0.00000000000000e+00	0.00000000000000e+00	0.00000000000000e+00	1.27690540113649e+02	0.00000000000000e+00	8.40592020990681e+01	0.00000000000000e+00	1
19	32	25	26	0.00000000000000e+00	0.00000000000000e+00	0.00000000000000e+00	0.00000000000000e+00	1.27690540113649e+02	0.00000000000000e+00	9.04523607361813e+01	0.00000000000000e+00	1
1	16	8	9	0.00000000000000e+00	0.00000000000000e+00	0.00000000000000e+00	0.00000000000000e+00	1.70254053484866e+02	0.00000000000000e+00	1.04086975473939e+02	0.00000000000000e+00	1
2	17	9	10	0.00000000000000e+00	0.00000000000000e+00	0.00000000000000e+00	0.00000000000000e+00	1.70254053484866e+02	0.00000000000000e+00	1.00832953272525e+02	0.00000000000000e+00	1
3	18	10	11	0.00000000000000e+00	0.00000000000000e+00	0.00000000000000e+00	0.00000000000000e+00	1.70254053484866e+02	0.00000000000000e+00	9.70792175862572e+01	0.00000000000000e+00	1
4	19	11	12	0.00000000000000e+00	0.00000000000000e+00	0.00000000000000e+00	0.00000000000000e+00	1.70254053484866e+02	0.00000000000000e+00	9.43211129545352e+01	0.00000000000000e+00	1
5	20	12	13	0.00000000000000e+00	0.00000000000000e+00	0.00000000000000e+00	0.00000000000000e+00	1.70254053484866e+02	0.00000000000000e+00	9.37346225875751e+01	0.00000000000000e+00	1
6	21	13	14	0.00000000000000e+00	0.00000000000000e+00	0.00000000000000e+00	0.00000000000000e+00	1.70254053484866e+02	0.00000000000000e+00	9.45153123555254e+01	0.00000000000000e+00	1
7	22	14	15	0.00000000000000e+00	0.00000000000000e+00	0.00000000000000e+00	0.00000000000000e+00	1.70254053484866e+02	0.00000000000000e+00	9.56890041917692e+01	0.00000000000000e+00	1
8	23	15	16	0.00000000000000e+00	0.00000000000000e+00	0.00000000000000e+00	0.00000000000000e+00	1.70254053484866e+02	0.00000000000000e+00	9.60298302739559e+01	0.00000000000000e+00	1
9	24	16	17	0.00000000000000e+00	0.00000000000000e+00	0.00000000000000e+00	0.00000000000000e+00	1.70254053484866e+02	0.00000000000000e+00	9.34934507327621e+01	0.00000000000000e+00	1
10	25	17	18	0.00000000000000e+00	0.00000000000000e+00	0.00000000000000e+00	0.00000000000000e+00	1.70254053484866e+02	0.00000000000000e+00	8.44778107522365e+01	0.00000000000000e+00	1
11	26	18	19	0.00000000000000e+00	0.00000000000000e+00	0.00000000000000e+00	0.00000000000000e+00	1.70254053484866e+02	0.00000000000000e+00	6.89663157158350e+01	0.00000000000000e+00	1
12	27	19	20	0.00000000000000e+00	0.00000000000000e+00	0.00000000000000e+00	0.00000000000000e+00	1.70254053484866e+02	0.00000000000000e+00	5.65184455499660e+01	0.00000000000000e+00	1
13	28	20	21	0.00000000000000e+00	0.00000000000000e+00	0.00000000000000e+00	0.00000000000000e+00	1.70254053484866e+02	0.00000000000000e+00	5.38816430227148e+01	0.00000000000000e+00	1
14	29	21	22	0.00000000000000e+00	0.00000000000000e+00	0.00000000000000e+00	0.00000000000000e+00	1.70254053484866e+02	0.00000000000000e+00	5.78906473986188e+01	0.00000000000000e+00	1
15	30	22	23	0.00000000000000e+00	0.00000000000000e+00	0.00000000000000e+00	0.00000000000000e+00	1.70254053484867e+02	0.00000000000000e+00	6.62297092276110e+01	0.00000000000000e+00	1
16	31	23	24	0.00000000000000e+00	0.00000000000000e+00	0.00000000000000e+00	0.00000000000000e+00	1.70254053484866e+02	0.00000000000000e+00	7.73953000207758e+01	0.00000000000000e+00	1
17	32	24	25	0.00000000000000e+00	0.00000000000000e+00	0.00000000000000e+00	0.00000000000000e+00	1.70254053484866e+02	0.00000000000000e+00	8.81041752919976e+01	0.00000000000000e+00	1
1	18	9	10	0.00000000000000e+00	0.00000000000000e+00	0.00000000000000e+00	0.00000000000000e+00	2.18898068766257e+02	0.00000000000000e+00	1.00717483206845e+02	0.00000000000000e+00	1
2	19	10	11	0.00000000000000e+00	0.00000000000000e+00	0.00000000000000e+00	0.00000000000000e+00	2.18898068766257e+02	0.00000000000000e+00	9.83247824327455e+01	0.00000000000000e+00	1
3	20	11	12	0.00000000000000e+00	0.00000000000000e+00	0.00000000000000e+00	0.00000000000000e+00	2.18898068766257e+02	0.00000000000000e+00	9.80247801058136e+01	0.00000000000000e+00	1
4	21	12	13	0.00000000000000e+00	0.00000000000000e+00	0.00000000000000e+00	0.00000000000000e+00	2.18898068766257e+02	0.00000000000000e+00	9.92145788584130e+01	0.00000000000000e+00	1
5	22	13	14	0.00000000000000e+00	0.00000000000000e+00	0.00000000000000e+00	0.00000000000000e+00	2.18898068766257e+02	0.00000000000000e+00	1.00928088166246e+02	0.00000000000000e+00	1
6	23	14	15	0.00000000000000e+00	0.00000000000000e+00	0.00000000000000e+00	0.00000000000000e+00	2.18898068766257e+02	0.00000000000000e+00	1.02454899937987e+02	0.00000000000000e+00	1
7	24	15	16	0.00000000000000e+00	0.00000000000000e+00	0.00000000000000e+00	0.00000000000000e+00	2.18898068766257e+02	0.00000000000000e+00	1.02479802174606e+02	0.00000000000000e+00	1
8	25	16	17	0.00000000000000e+00	0.00000000000000e+00	0.00000000000000e+00	0.00000000000000e+00	2.18898068766257e+02	0.00000000000000e+00	9.88074493951117e+01	0.00000000000000e+00	1
9	26	17	18	0.00000000000000e+00	0.00000000000000e+00	0.00000000000000e+00	0.00000000000000e+00	2.18898068766257e+02	0.00000000000000e+00	8.77647752910767e+01	0.00000000000000e+00	1
10	27	18	19	0.00000000000000e+00	0.00000000000000e+00	0.00000000000000e+00	0.00000000000000e+00	2.18898068766257e+02	0.00000000000000e+00	6.99952876302503e+01	0.00000000000000e+00	1
11	28	19	20	0.00000000000000e+00	0.00000000000000e+00	0.00000000000000e+00	0.00000000000000e+00	2.18898068766257e+02	0.00000000000000e+00	5.63989857028633e+01	0.00000000000000e+00	1
12	29	20	21	0.00000000000000e+00	0.00000000000000e+00	0.00000000000000e+00	0.00000000000000e+00	2.18898068766257e+02	0.00000000000000e+00	5.37938196418006e+01	0.00000000000000e+00	1
13	30	21	22	0.00000000000000e+00	0.00000000000000e+00	0.00000000000000e+00	0.00000000000000e+00	2.18898068766257e+02	0.00000000000000e+00	5.83707237997810e+01	0.00000000000000e+00	1
14	31	22	23	0.00000000000000e+00	0.00000000000000e+00	0.00000000000000e+00	0.00000000000000e+00	2.18898068766257e+02	0.00000000000000e+00	6.77032504855508e+01	0.00000000000000e+00	1
15	32	23	24	0.00000000000000e+00	0.00000000000000e+00	0.00000000000000e+00	0.00000000000000e+00	2.18898068766257e+02	0.00000000000000e+00	8.03536527132975e+01	0.00000000000000e+00	1
1	20	10	11	0.00000000000000e+00	0.00000000000000e+00	0.00000000000000e+00	0.00000000000000e+00	2.73622585957821e+02	0.00000000000000e+00	1.02753244984043e+02	0.00000000000000e+00	1
2	21	11	12	0.00000000000000e+00	0.00000000000000e+00	0.00000000000000e+00	0.00000000000000e+00	2.73622585957821e+02	0.00000000000000e+00	1.04087867557400e+02	0.00000000000000e+00	1
3	22	12	13	0.00000000000000e+00	0.00000000000000e+00	0.00000000000000e+00	0.00000000000000e+00	2.73622585957820e+02	0.00000000000000e+00	1.06134131547345e+02	0.00000000000000e+00	1
4	23	13	14	0.00000000000000e+00	0.00000000000000e+00	0.00000000000000e+00	0.00000000000000e+00	2.73622585957821e+02	0.00000000000000e+00	1.08224651408480e+02	0.00000000000000e+00	1
5	24	14	15	0.00000000000000e+00	0.00000000000000e+00	0.00000000000000e+00	0.00000000000000e+00	2.73622585957821e+02	0.00000000000000e+00	1.09619444597518e+02	0.00000000000000e+00	1
6	25	15	16	0.00000000000000e+00	0.00000000000000e+00	0.00000000000000e+00	0.00000000000000e+00	2.73622585957821e+02	0.00000000000000e+00	1.08969481770972e+02	0.00000000000000e+00	1
7	26	16	17	0.00000000000000e+00	0.00000000000000e+00	0.00000000000000e+00	0.00000000000000e+00	2.73622585957820e+02	0.00000000000000e+00	1.04031108824692e+02	0.00000000000000e+00	1
8	27	17	18	0.00000000000000e+00	0.00000000000000e+00	0.00000000000000e+00	0.00000000000000e+00	2.73622585957821e+02	0.00000000000000e+00	9.11373540625986e+01	0.00000000000000e+00	1
9	28	18	19	0.00000000000000e+00	0.00000000000000e+00	0.00000000000000e+00	0.00000000000000e+00	2.73622585957821e+02	0.00000000000000e+00	7.13985511246306e+01	0.00000000000000e+00	1
10	29	19	20	0.00000000000000e+00	0.00000000000000e+00	0.00000000000000e+00	0.00000000000000e+00	2.73622585957822e+02	0.00000000000000e+00	5.68024093950298e+01	0.00000000000000e+00	1
11	30	20	21	0.00000000000000e+00	0.00000000000000e+00	0.00000000000000e+00	0.00000000000000e+00	2.73622585957820e+02	0.00000000000000e+00	5.42473986251136e+01	0.00000000000000e+00	1
12	31	21	22	0.00000000000000e+00	0.00000000000000e+00	0.00000000000000e+00	0.00000000000000e+00	2.73622585957821e+02	0.00000000000000e+00	5.93033906330799e+01	0.00000000000000e+00	1
13	32	22	23	0.00000000000000e+00	0.00000000000000e+00	0.00000000000000e+00	0.00000000000000e+00	2.73622585957822e+02	0.00000000000000e+00	6.95191331431469e+01	0.00000000000000e+00	1
1	22	11	12	0.00000000000000e+00	0.00000000000000e+00	0.00000000000000e+00	0.00000000000000e+00	3.34427605059559e+02	0.00000000000000e+00	1.11320392589521e+02	0.00000000000000e+00	1
2	23	12	13	0.00000000000000e+00	0.00000000000000e+00	0.00000000000000e+00	0.00000000000000e+00	3.34427605059558e+02	0.00000000000000e+00	1.13704859596698e+02	0.00000000000000e+00	1
3	24	13	14	0.00000000000000e+00	0.00000000000000e+00	0.00000000000000e+00	0.00000000000000e+00	3.34427605059558e+02	0.00000000000000e+00	1.15704261955267e+02	0.00000000000000e+00	1
4	25	14	15	0.00000000000000e+00	0.00000000000000e+00	0.00000000000000e+00	0.00000000000000e+00	3.34427605059559e+02	0.00000000000000e+00	1.16604092693353e+02	0.00000000000000e+00	1
5	26	15	16	0.00000000000000e+00	0.00000000000000e+00	0.00000000000000e+00	0.00000000000000e+00	3.34427605059559e+02	0.00000000000000e+00	1.15118724759820e+02	0.00000000000000e+00	1
6	27	16	17	0.00000000000000e+00	0.00000000000000e+00	0.00000000000000e+00	0.00000000000000e+00	3.34427605059559e+02	0.00000000000000e+00	1.09018723592145e+02	0.00000000000000e+00	1
7	28	17	18	0.00000000000000e+00	0.00000000000000e+00	0.00000000000000e+00	0.00000000000000e+00	3.34427605059558e+02	0.00000000000000e+00	9.45198424260201e+01	0.00000000000000e+00	1
8	29	18	19	0.00000000000000e+00	0.00000000000000e+00	0.00000000000000e+00	0.00000000000000e+00	3.34427605059559e+02	0.00000000000000e+00	7.30536221349499e+01	0.00000000000000e+00	1
9	30	19	20	0.00000000000000e+00	0.00000000000000e+00	0.00000000000000e+00	0.00000000000000e+00	3.34427605059560e+02	0.00000000000000e+00	5.75674932524201e+01	0.00000000000000e+00	1
10	31	20	21	0.00000000000000e+00	0.00000000000000e+00	0.00000000000000e+00	0.00000000000000e+00	3.34427605059558e+02	0.00000000000000e+00	5.50499522208044e+01	0.00000000000000e+00	1
11	32	21	22	0.00000000000000e+00	0.00000000000000e+00	0.00000000000000e+00	0.00000000000000e+00	3.34427605059558e+02	0.00000000000000e+00	6.05521141096621e+01	0.00000000000000e+00	1
1	24	12	13	0.00000000000000e+00	0.00000000000000e+00	0.00000000000000e+00	0.00000000000000e+00	4.01313126071470e+02	0.00000000000000e+00	1.21296332383614e+02	0.00000000000000e+00	1
2	25	13	14	0.00000000000000e+00	0.00000000000000e+00	0.00000000000000e+00	0.00000000000000e+00	4.01313126071470e+02	0.00000000000000e+00	1.22860064026327e+02	0.00000000000000e+00	1
3	26	14	15	0.00000000000000e+00	0.00000000000000e+00	0.00000000000000e+00	0.00000000000000e+00	4.01313126071470e+02	0.00000000000000e+00	1.23113065740212e+02	0.00000000000000e+00	1
4	27	15	16	0.00000000000000e+00	0.00000000000000e+00	0.00000000000000e+00	0.00000000000000e+00	4.01313126071470e+02	0.00000000000000e+00	1.20882902011234e+02	0.00000000000000e+00	1
5	28	16	17	0.00000000000000e+00	0.00000000000000e+00	0.00000000000000e+00	0.00000000000000e+00	4.01313126071470e+02	0.00000000000000e+00	1.13819464902939e+02	0.00000000000000e+00	1
6	29	17	18	0.00000000000000e+00	0.00000000000000e+00	0.00000000000000e+00	0.00000000000000e+00	4.01313126071470e+02	0.00000000000000e+00	9.79238324140120e+01	0.00000000000000e+00	1
7	30	18	19	0.00000000000000e+00	0.00000000000000e+00	0.00000000000000e+00	0.00000000000000e+00	4.01313126071470e+02	0.00000000000000e+00	7.49109961998744e+01	0.00000000000000e+00	1
8	31	19	20	0.00000000000000e+00	0.00000000000000e+00	0.00000000000000e+00	0.00000000000000e+00	4.01313126071471e+02	0.00000000000000e+00	5.85869793126905e+01	0.00000000000000e+00	1
9	32	20	21	0.00000000000000e+00	0.00000000000000e+00	0.00000000000000e+00	0.00000000000000e+00	4.01313126071470e+02	0.00000000000000e+00	5.60771840947189e+01	0.00000000000000e+00	1
1	26	13	14	0.00000000000000e+00	0.00000000000000e+00	0.00000000000000e+00	0.00000000000000e+00	4.74279148993556e+02	0.00000000000000e+00	1.29459969930688e+02	0.00000000000000e+00	1
2	27	14	15	0.00000000000000e+00	0.00000000000000e+00	0.00000000000000e+00	0.00000000000000e+00	4.74279148993557e+02	0.00000000000000e+00	1.29167488008724e+02	0.00000000000000e+00	1
3	28	15	16	0.00000000000000e+00	0.00000000000000e+00	0.00000000000000e+00	0.00000000000000e+00	4.74279148993557e+02	0.00000000000000e+00	1.26378113869031e+02	0.00000000000000e+00	1
4	29	16	17	0.00000000000000e+00	0.00000000000000e+00	0.00000000000000e+00	0.00000000000000e+00	4.74279148993556e+02	0.00000000000000e+00	1.18519771580818e+02	0.00000000000000e+00	1
5	30	17	18	0.00000000000000e+00	0.00000000000000e+00	0.00000000000000e+00	0.00000000000000e+00	4.74279148993556e+02	0.00000000000000e+00	1.01372095368389e+02	0.00000000000000e+00	1
6	31	18	19	0.00000000000000e+00	0.00000000000000e+00	0.00000000000000e+00	0.00000000000000e+00	4.74279148993555e+02	0.00000000000000e+00	7.69175231901139e+01	0.00000000000000e+00	1
7	32	19	20	0.00000000000000e+00	0.00000000000000e+00	0.00000000000000e+00	0.00000000000000e+00	4.74279148993557e+02	0.00000000000000e+00	5.97931307404599e+01	0.00000000000000e+00	1
1	28	14	15	0.00000000000000e+00	0.00000000000000e+00	0.00000000000000e+00	0.00000000000000e+00	5.53325673825815e+02	0.00000000000000e+00	1.34922105143552e+02	0.00000000000000e+00	1
2	29	15	16	0.00000000000000e+00	0.00000000000000e+00	0.00000000000000e+00	0.00000000000000e+00	5.53325673825815e+02	0.00000000000000e+00	1.31726169091616e+02	0.00000000000000e+00	1
3	30	16	17	0.00000000000000e+00	0.00000000000000e+00	0.00000000000000e+00	0.00000000000000e+00	5.53325673825814e+02	0.00000000000000e+00	1.23181291630638e+02	0.00000000000000e+00	1
4	31	17	18	0.00000000000000e+00	0.00000000000000e+00	0.00000000000000e+00	0.00000000000000e+00	5.53325673825814e+02	0.00000000000000e+00	1.04867025203001e+02	0.00000000000000e+00	1
5	32	18	19	0.00000000000000e+00	0.00000000000000e+00	0.00000000000000e+00	0.00000000000000e+00	5.53325673825814e+02	0.00000000000000e+00	7.90313180652446e+01	0.00000000000000e+00	1
1	30	15	16	0.00000000000000e+00	0.00000000000000e+00	0.00000000000000e+00	0.00000000000000e+00	6.38452700568249e+02	0.00000000000000e+00	1.37004489086556e+02	0.00000000000000e+00	1
2	31	16	17	0.00000000000000e+00	0.00000000000000e+00	0.00000000000000e+00	0.00000000000000e+00	6.38452700568248e+02	0.00000000000000e+00	1.27832531143636e+02	0.00000000000000e+00	1
3	32	17	18	0.00000000000000e+00	0.00000000000000e+00	0.00000000000000e+00	0.00000000000000e+00	6.38452700568248e+02	0.00000000000000e+00	1.08401184153537e+02	0.00000000000000e+00	1
1	32	16	17	0.00000000000000e+00	0.00000000000000e+00	0.00000000000000e+00	0.00000000000000e+00	7.29660229220854e+02	0.00000000000000e+00	1.32483458074753e+02	0.00000000000000e+00	1
0
